procs -----------memory---------- ---swap-- -----io---- -system-- -------cpu-------
 r  b   swpd   free   buff  cache   si   so    bi    bo   in   cs us sy id wa st gu
 1  0      0 309468  24420 877812    0    0   538  1158 1153    3 18  2 78  2  0  0
 1  0      0 309228  24420 877812    0    0     0     0 4549 2851 30  6 63  0  0  0
 1  0      0 309228  24420 877812    0    0     0     0 5667 3529 40  7 52  0  0  0
 3  0      0 310064  24420 877812    0    0     0     0 5701 3491 22  7 70  0  0  0
 0  0      0 311720  24420 877812    0    0     0     0 5676 3604 25  8 67  0  0  0
 1  0      0 313136  24420 877812    0    0     0     0 5678 3559 23  8 69  0  1  0
 0  0      0 313136  24420 877812    0    0     0     0 5668 3579 23  8 68  0  0  0
 0  0      0 314316  24420 877812    0    0     0     0 5669 3503 24  7 69  0  0  0
 0  0      0 314124  24420 877812    0    0     0     0 5786 3584 40  7 52  0  0  0
 1  0      0 314076  24420 877812    0    0     0     0 5584 3517 24  7 68  0  0  0
 0  0      0 314076  24420 877812    0    0     0     0 5706 3554 25  7 68  0  0  0
 1  0      0 314076  24420 877812    0    0     0     0 5592 3545 24  9 67  0  0  0
 3  0      0 314076  24428 877804    0    0     0    52 5740 3572 25  6 67  0  0  0
 1  0      0 314076  24428 877812    0    0     0    52 5768 3524 23  7 69  0  0  0
 6  0      0 313884  24428 877812    0    0     0     0 5666 3580 35  7 58  0  0  0
 1  0      0 313836  24428 877812    0    0     0    16 5624 3567 28  9 63  0  0  0
 0  0      0 315096  24428 877812    0    0     0     0 5649 3576 22  8 70  0  0  0
 0  0      0 315152  24428 877812    0    0     0     0 5578 3488 22  7 70  0  0  0
 0  0      0 315152  24428 877812    0    0     0     0 5661 3552 22  8 70  0  0  0
 0  0      0 315152  24428 877812    0    0     0     0 5511 3539 26  7 66  0  0  0
 1  0      0 315152  24428 877812    0    0     0     0 5646 3492 22  7 70  0  0  0
 1  0      0 315152  24428 877812    0    0     0     0 5752 3602 40  7 52  0  0  0
 1  0      0 315152  24428 877812    0    0     0     0 5652 3500 24  6 69  0  0  0
 1  0      0 315152  24428 877812    0    0     0     0 5757 3606 24  7 68  0  0  0
 1  0      0 315152  24428 877812    0    0     0     0 5657 3521 21  8 71  0  0  0
 1  0      0 315576  24428 877812    0    0     0     0 5652 3575 23  8 69  0  1  0
 1  0      0 315336  24428 877812    0    0     0     0 5568 3485 23  7 69  0  0  0
 1  0      0 315336  24428 877812    0    0     0     0 5721 3582 32  7 61  0  0  0
 0  0      0 315336  24428 877812    0    0     0     0 5595 3566 30  8 61  0  0  0
 1  0      0 315084  24428 877812    0    0     0     0 5654 3579 23  6 71  0  1  0
 0  0      0 315084  24428 877812    0    0     0  1624 5728 3582 22  9 70  0  0  0
 0  0      0 315084  24428 877812    0    0     0     0 5592 3535 23  6 70  0  0  0
 0  0      0 314860  24428 877812    0    0     0     0 5701 3554 25  7 68  0  1  0
 0  0      0 315580  24428 877812    0    0     0     0 5630 3569 23  7 69  0  0  0
 1  0      0 315328  24428 877812    0    0     0     0 5964 3832 41  8 51  0  0  0
 2  0      0 315088  24428 877812    0    0     0     0 5701 3482 24  8 68  0  0  0
 0  0      0 316500  24428 877812    0    0     0     0 5567 3582 23  8 69  0  0  0
 0  0      0 316500  24428 877812    0    0     0     0 5762 3652 29  7 63  0  0  0
 0  0      0 318432  24428 877812    0    0     0     0 5805 3740 24  8 67  0  0  0
 0  0      0 319544  24428 877812    0    0     0     0 5685 3551 23  7 70  0  1  0
 1  0      0 319544  24428 877812    0    0     0     0 5668 3529 23  8 68  0  0  0
 0  0      0 319544  24428 877812    0    0     0     0 5688 3579 42  7 50  0  0  0
 0  0      0 319544  24428 877812    0    0     0     0 5706 3477 31  7 62  0  0  0
 0  0      0 319544  24436 877812    0    0     0    24 5738 3566 23  8 68  0  0  0
 1  0      0 319544  24436 877804    0    0     0     0 5772 3748 24  7 68  0  0  0
 1  0      0 319544  24436 877804    0    0     0     0 5565 3566 25  7 69  0  0  0
 0  0      0 319544  24436 877804    0    0     0    16 1664 1046  6  2 92  0  0  0
 0  0      0 319544  24436 877804    0    0     0     0  139  124  1  0 100  0  0  0
 0  0      0 319544  24436 877804    0    0     0     0  146  132  0  0 100  0  0  0
 0  0      0 319544  24436 877804    0    0     0     0  182  187  0  0 100  0  0  0
