procs -----------memory---------- ---swap-- -----io---- -system-- -------cpu-------
 r  b   swpd   free   buff  cache   si   so    bi    bo   in   cs us sy id wa st gu
 3  0      0 314812  24316 877424    0    0   589  1263 1128    3 19  2 77  2  0  0
 3  0      0 313300  24316 877424    0    0     0     0 3036 1455 60  4 35  0  0  0
 7  0      0 315636  24316 877424    0    0     0     0 3114 1636 59  4 37  0  0  0
 2  0      0 319324  24316 877424    0    0     0     0 3025 1600 56  4 39  0  0  0
 2  0      0 323988  24316 877424    0    0     0     0 2890 1520 49  4 47  0  0  0
 0  0      0 325720  24316 877424    0    0     0     0 2535 1400 21  5 74  0  0  0
 2  0      0 325996  24316 877424    0    0     0     0 2685 1406 28  5 66  0  0  0
 3  0      0 323980  24316 877424    0    0     0    16 2712 1435 31  4 65  0  0  0
 1  0      0 323980  24316 877424    0    0     0     0 2458 1367 12  5 83  0  0  0
 0  0      0 323980  24316 877424    0    0     0     0 2474 1383 14  5 81  0  0  0
 1  0      0 326772  24316 877416    0    0     0     0 2977 1716 47  5 47  0  0  0
 1  0      0 326772  24316 877416    0    0     0     0 2437 1354 15  4 81  0  0  0
 2  0      0 326772  24316 877416    0    0     0     0 2440 1377 13  4 83  0  0  0
 1  0      0 326772  24316 877416    0    0     0     0 2474 1409 15  4 80  0  0  0
 1  0      0 326580  24316 877416    0    0     0     0 2422 1366 11  5 84  0  0  0
 0  0      0 326532  24316 877416    0    0     0     0 2437 1353 12  4 84  0  0  0
 1  0      0 326532  24316 877416    0    0     0     0 2417 1408 12  4 83  0  0  0
 0  0      0 326532  24316 877416    0    0     0     0 2507 1356 16  4 80  0  0  0
 1  0      0 326532  24316 877416    0    0     0     0 2661 1386 27  5 68  0  0  0
 0  0      0 326532  24316 877416    0    0     0     0 2491 1372 13  4 83  0  0  0
 1  0      0 329172  24316 877416    0    0     0     0 2582 1540 13  5 81  0  0  0
 2  0      0 329636  24316 877408    0    0     0     0 2446 1404 12  5 83  0  0  0
 1  0      0 329704  24316 877408    0    0     0     0 2816 1425 37  4 58  0  0  0
 0  0      0 330964  24316 877408    0    0     0     0 2503 1362 18  4 77  0  0  0
 0  0      0 331032  24316 877408    0    0     0     0 2461 1318 19  5 76  0  0  0
 0  0      0 331032  24316 877408    0    0     0     0 2401 1341 10  4 85  0  0  0
 0  0      0 330968  24316 877408    0    0     0     0 2381 1331 10  5 85  0  0  0
 0  0      0 330728  24316 877408    0    0     0     0 2443 1364 10  4 86  0  0  0
 0  0      0 330680  24324 877400    0    0     0    48 2659 1462 26  5 69  0  0  0
 0  0      0 330680  24324 877408    0    0     0  1800 2364 1342 10  4 86  0  0  0
 0  0      0 330680  24324 877408    0    0     0     0 2408 1334  9  4 86  0  0  0
 0  0      0 330680  24324 877408    0    0     0     0 2295 1323 11  4 84  0  0  0
 0  0      0 330680  24324 877408    0    0     0     0 2344 1345  9  4 86  0  0  0
 0  0      0 330680  24324 877408    0    0     0     0 2371 1373 11  4 86  0  0  0
 0  0      0 330680  24324 877408    0    0     0     0 2348 1387 11  4 84  0  0  0
 0  0      0 330680  24324 877408    0    0     0     0 2358 1325 10  4 85  0  0  0
 1  0      0 330680  24324 877408    0    0     0     0 2365 1302 15  4 80  0  0  0
 0  0      0 330680  24324 877408    0    0     0    16 2397 1326 15  4 81  0  0  0
 0  0      0 330680  24324 877408    0    0     0     0 2329 1339 10  4 86  0  0  0
 0  0      0 330488  24324 877408    0    0     0     0 2310 1322  9  3 87  0  0  0
 0  0      0 330440  24324 877408    0    0     0     0 2273 1345 11  4 85  0  0  0
 4  0      0 330440  24324 877408    0    0     0     0 2307 1276 11  4 85  0  0  0
 0  0      0 330440  24324 877408    0    0     0     0 2247 1323  9  4 88  0  0  0
 0  0      0 330440  24324 877408    0    0     0     0 2311 1343 12  4 84  0  0  0
 0  0      0 330440  24324 877408    0    0     0   324 1863 1115  7  4 90  0  0  0
 0  0      0 330216  24324 877408    0    0     0     0  241  212  1  1 99  0  0  0
 0  0      0 330216  24324 877408    0    0     0     0  185  148  0  0 100  0  1  0
 0  0      0 330216  24324 877408    0    0     0     0  140  129  0  0 100  0  0  0
 0  0      0 330216  24324 877408    0    0     0     0  132  116  0  0 100  0  0  0
 0  0      0 330216  24324 877408    0    0     0     0  125  110  1  0 100  0  0  0
