procs -----------memory---------- ---swap-- -----io---- -system-- -------cpu-------
 r  b   swpd   free   buff  cache   si   so    bi    bo   in   cs us sy id wa st gu
 1  0      0 248692  15176 432296    0    0   791  1073  737    2  4  2 90  3  0  0
 0  0      0 248692  15176 432296    0    0     0     0  856  382  1  2 97  0  0  0
 0  0      0 248692  15176 432296    0    0     0     0 1765  753  3  1 96  0  1  0
 0  0      0 248692  15176 432296    0    0     0     0 1689  725  3  2 95  0  0  0
 0  0      0 248692  15188 432296    0    0     0  1108 1800  830  3  1 95  1  1  0
 0  0      0 248692  15188 432296    0    0     0     4 1730  728  3  2 95  0  0  0
 0  0      0 248692  15188 432296    0    0     0     0 1684  724  3  1 97  0  0  0
 0  0      0 248692  15188 432296    0    0     0     0 1713  728  3  2 95  0  1  0
 0  0      0 248692  15188 432296    0    0     0     0 1719  720  3  2 95  0  0  0
 0  0      0 248692  15188 432296    0    0     0     0 1739  733  3  2 95  0  1  0
 0  0      0 248692  15188 432296    0    0     0     0 1719  729  3  1 96  0  1  0
 0  0      0 248692  15188 432296    0    0     0     0 1654  734  4  2 94  0  1  0
 0  0      0 248692  15188 432296    0    0     0     0 1654  726  3  2 95  0  1  0
 0  0      0 248692  15188 432296    0    0     0     0 1611  736  3  1 96  0  0  0
 0  0      0 248692  15188 432296    0    0     0     0 1641  730  3  2 94  0  1  0
 0  0      0 248692  15188 432296    0    0     0     0 1654  713  3  2 95  0  1  0
 0  0      0 248692  15188 432296    0    0     0     0 1737  735  4  2 94  0  1  0
 0  0      0 248692  15188 432296    0    0     0     0 1764  729  4  2 94  0  1  0
 0  0      0 248692  15188 432296    0    0     0     0 1738  720  3  1 95  0  1  0
 0  0      0 248692  15188 432296    0    0     0     0 1671  740  4  2 94  0  1  0
 0  0      0 248692  15188 432296    0    0     0     0 1598  742  4  2 94  0  1  0
 0  0      0 248692  15188 432296    0    0     0     0 1610  770  3  3 94  0  1  0
 0  0      0 248692  15188 432296    0    0     0     0 1662  728  3  2 94  0  1  0
 0  0      0 248692  15188 432296    0    0     0     0 1655  724  4  2 94  0  1  0
 0  0      0 248692  15188 432296    0    0     0     0 1605  727  3  2 94  0  1  0
 0  0      0 248580  15592 432436    0    0   544     0 2126 1190  4  4 75 16  1  0
 0  0      0 248580  15592 432436    0    0     0     0 1660  732  3  2 95  0  1  0
 1  0      0 248580  15592 432436    0    0     0     0 1639  727  3  2 94  0  1  0
 1  0      0 248580  15592 432436    0    0     0     0 1607  734  4  2 94  0  1  0
 1  0      0 248580  15592 432436    0    0     0     0 1689  746  3  1 95  0  1  0
 0  0      0 248580  15592 432436    0    0     0     0 1630  738  3  2 95  0  0  0
 0  0      0 248580  15592 432436    0    0     0     0 1614  726  3  2 95  0  1  0
 0  0      0 248580  15592 432436    0    0     0     0 1682  721  3  2 95  0  1  0
 1  0      0 248580  15592 432436    0    0     0     0 1655  732  3  1 95  0  0  0
 0  0      0 248580  15600 432428    0    0     0    44 1573  743  3  1 96  0  0  0
 0  0      0 248580  15600 432436    0    0     0     0 1569  720  3  2 94  0  0  0
 1  0      0 248580  15600 432436    0    0     0    48 1571  728  3  2 95  0  1  0
 0  0      0 248580  15600 432436    0    0     0     0 1586  732  3  2 96  0  0  0
 0  0      0 248580  15600 432436    0    0     0     0 1561  737  3  1 96  0  0  0
 1  0      0 248580  15600 432436    0    0     0     0 1667  739  2  2 96  0  1  0
 0  0      0 248580  15600 432436    0    0     0     0 1651  725  3  1 96  0  0  0
 0  0      0 248456  15600 432436    0    0     0     0 1594  764  3  2 95  0  1  0
 0  0      0 248456  15600 432436    0    0     0     0 1495  737  3  2 96  0  0  0
 0  0      0 248456  15600 432436    0    0     0     0 1518  733  2  1 97  0  0  0
 0  0      0 248456  15600 432436    0    0     0     0 1530  731  3  2 96  0  1  0
 0  0      0 248456  15600 432436    0    0     0     0 1571  738  3  1 96  0  0  0
 0  0      0 248456  15600 432436    0    0     0     0  931  438  2  1 98  0  0  0
 0  0      0 248456  15600 432436    0    0     0     0   35   32  0  0 100  0  0  0
 0  0      0 248456  15600 432436    0    0     0     0   94   80  0  0 100  0  0  0
 0  0      0 248456  15616 432420    0    0     0   512  173  159  0  0 99  1  0  0
