procs -----------memory---------- ---swap-- -----io---- -system-- -------cpu-------
 r  b   swpd   free   buff  cache   si   so    bi    bo   in   cs us sy id wa st gu
 2  0      0 360832  24068 867472    0    0   640  1395 1029    3 20  2 76  2  0  0
 3  0      0 359784  24068 867488    0    0     0     0 2888 1476 44  5 50  0  1  0
 1  0      0 359784  24068 867488    0    0     0     0 3874 1636 60  6 31  0  2  0
 0  0      0 359784  24068 867488    0    0     0     0 3684 1834 38  8 52  0  1  0
 0  0      0 359784  24068 867488    0    0     0     0 3617 1815 16  9 71  0  4  0
 0  0      0 359280  24068 867488    0    0     0     0 3708 1790 20  8 70  0  2  0
 2  0      0 358776  24068 867488    0    0     0     0 3718 1867 62  7 28  0  2  0
 0  0      0 358284  24076 867488    0    0     0    28 3649 1837 32  7 60  0  1  0
 0  0      0 356520  24076 867488    0    0     0     0 3619 1860 24  8 68  0  0  0
 0  0      0 356520  24076 867488    0    0     0     0 3769 1832 47  7 46  0  0  0
 1  0      0 356520  24076 867488    0    0     0     0 3609 1829 13  8 78  0  1  0
 1  0      0 356016  24076 867488    0    0     0     0 3609 1913 17  9 73  0  1  0
 2  0      0 355260  24076 867488    0    0     0     0 3525 1794 18  8 74  0  0  0
 1  0      0 353496  24076 867488    0    0     0     0 3511 1839 14  9 76  0  1  0
 0  0      0 353496  24076 867488    0    0     0     0 3529 1803 13  8 78  0  0  0
 1  0      0 353496  24076 867488    0    0     0     0 3477 1829 13  9 78  0  0  0
 0  0      0 353496  24076 867488    0    0     0     0 3541 1891 14  7 79  0  0  0
 0  0      0 353496  24076 867488    0    0     0     0 3545 1902 12  9 79  0  0  0
 0  0      0 353496  24076 867488    0    0     0     0 3510 1880 14  7 78  0  0  0
 0  0      0 353496  24076 867488    0    0     0     0 3432 1815 15  9 76  0  0  0
 0  0      0 353496  24076 867488    0    0     0     0 3500 1831 13  8 78  0  0  0
 0  0      0 353256  24076 867488    0    0     0     0 3580 1862 12  8 80  0  0  0
 4  0      0 353256  24076 867488    0    0     0     0 3540 1973 14  8 78  0  0  0
 0  0      0 353256  24076 867488    0    0     0     0 3613 1871 34  7 59  0  0  0
 0  0      0 353016  24076 867488    0    0     0     0 3445 1828 14  8 77  0  0  0
 0  0      0 353016  24076 867488    0    0     0     0 3547 1859 16  8 76  0  0  0
 1  0      0 353016  24076 867488    0    0     0     0 3589 1936 15  9 76  0  0  0
 1  0      0 353016  24076 867488    0    0     0     0 3527 1920 12  8 80  0  0  0
 1  0      0 353016  24076 867488    0    0     0     0 3492 1924 12  8 79  0  0  0
 2  0      0 353016  24076 867488    0    0     0     0 3481 1874 13  8 79  0  0  0
 1  0      0 353016  24076 867488    0    0     0    16 3503 1901 13  8 79  0  0  0
 1  0      0 353016  24076 867488    0    0     0  1632 3578 1899 12  9 78  0  0  0
 1  0      0 353016  24076 867488    0    0     0     0 3489 1837 15  7 77  0  0  0
 3  0      0 353016  24076 867488    0    0     0     0 3518 1815 15  8 76  0  0  0
 1  0      0 353016  24076 867488    0    0     0     0 3842 2022 27  6 66  0  0  0
 0  0      0 353016  24076 867520    0    0     0     0 3553 1877 13  8 79  0  0  0
 0  0      0 353016  24076 867520    0    0     0     0 3563 1830 14  9 77  0  0  0
 0  0      0 353016  24076 867520    0    0     0    12 3519 1860 14  8 77  0  0  0
 0  0      0 353016  24076 867520    0    0     0     0 3494 1877 12  9 79  0  0  0
 0  0      0 352776  24076 867520    0    0     0     0 3618 1959 28  7 64  0  0  0
 0  0      0 352776  24076 867520    0    0     0     0 3501 1893 12  7 81  0  0  0
 0  0      0 352776  24076 867520    0    0     0     0 3489 1893 13  8 79  0  0  0
 0  0      0 352776  24076 867520    0    0     0     0 3470 1880 12  8 81  0  0  0
 0  0      0 352776  24076 867520    0    0     0     0 3472 1880 13  8 78  0  0  0
 1  0      0 352528  24076 867520    0    0     0     0 3511 1851 13  9 79  0  0  0
 1  0      0 352528  24076 867520    0    0     0     0 3506 1872 13  9 78  0  0  0
 0  0      0 352528  24076 867520    0    0     0     0 1465  828  4  2 93  0  0  0
 0  0      0 352528  24076 867520    0    0     0     0  143  127  1  0 100  0  0  0
 0  0      0 352528  24076 867520    0    0     0     0  146  117  1  1 99  0  0  0
 0  0      0 352528  24076 867520    0    0     0     0  110  100  0  0 100  0  0  0
