procs -----------memory---------- ---swap-- -----io---- -system-- -------cpu-------
 r  b   swpd   free   buff  cache   si   so    bi    bo   in   cs us sy id wa st gu
 1  0      0 251560  15160 432244    0    0   873  1182  710    2  5  2 89  3  0  0
 0  1      0 251560  15160 432244    0    0     0   164 1237  490  3  2 95  0  1  0
 0  0      0 251560  15160 432244    0    0     0   472 1688  661  3  2 95  1  0  0
 0  0      0 251480  15160 432244    0    0     0     0 1715  673  3  2 95  0  1  0
 0  0      0 251448  15160 432244    0    0     0     0 1656  640  2  2 96  0  0  0
 0  0      0 251448  15160 432244    0    0     0     0 1701  650  3  1 96  0  1  0
 0  0      0 251448  15160 432244    0    0     0     0 1719  639  3  2 96  0  0  0
 0  0      0 251448  15160 432244    0    0     0   320 1655  657  2  2 95  0  1  0
 0  0      0 251448  15160 432244    0    0     0     0 1623  637  2  2 96  0  1  0
 1  0      0 251448  15160 432236    0    0     0     0 1826  879  3  3 94  0  1  0
 0  0      0 251448  15160 432236    0    0     0     0 1674  644  2  2 96  0  0  0
 0  0      0 251448  15160 432236    0    0     0     0 1799  721  3  2 95  0  1  0
 0  0      0 251448  15160 432236    0    0     0     0 1654  675  2  2 96  0  0  0
 1  0      0 251448  15160 432236    0    0     0     0 1587  640  2  2 96  0  1  0
 0  0      0 251448  15160 432236    0    0     0     0 1654  644  3  2 95  0  0  0
 0  0      0 251448  15160 432236    0    0     0     0 1690  653  1  2 97  0  0  0
 0  0      0 251448  15160 432236    0    0     0     0 1713  640  2  1 97  0  1  0
 0  0      0 251448  15160 432236    0    0     0     0 1708  638  2  2 96  0  0  0
 0  0      0 251448  15160 432236    0    0     0     0 1727  627  3  1 96  0  1  0
 0  0      0 251448  15160 432236    0    0     0     0 1750  668  2  2 96  0  0  0
 0  0      0 251448  15160 432236    0    0     0     0 1785  755  2  1 96  0  1  0
 0  0      0 251448  15160 432236    0    0     0     0 1733  638  2  2 96  0  0  0
 0  0      0 251448  15160 432236    0    0     0     0 1761  679  2  1 97  0  0  0
 0  0      0 251448  15160 432236    0    0     0     0 1783  666  2  2 95  0  1  0
 0  0      0 251448  15168 432236    0    0     0    44 1729  653  2  2 96  0  0  0
 1  0      0 251448  15168 432236    0    0     0     0 1796  654  2  1 97  0  0  0
 0  0      0 251448  15168 432236    0    0     0     0 1714  634  2  2 96  0  1  0
 0  0      0 251448  15168 432236    0    0     0     0 1682  652  3  2 96  0  0  0
 0  0      0 251448  15168 432236    0    0     0     0 1679  639  2  1 97  0  0  0
 0  0      0 251448  15168 432236    0    0     0     0 1780  686  2  2 96  0  0  0
 1  0      0 251448  15168 432236    0    0     0     0 1782  649  3  2 95  0  1  0
 0  0      0 251448  15168 432236    0    0     0     0 1758  643  2  1 97  0  0  0
 0  0      0 251448  15168 432236    0    0     0     4 1738  654  2  1 97  0  1  0
 0  0      0 251448  15168 432236    0    0     0     0 1635  636  2  2 96  0  0  0
 0  0      0 251448  15168 432236    0    0     0     0 1710  636  3  2 95  0  0  0
 0  0      0 251448  15168 432236    0    0     0     0 1756  654  2  2 97  0  0  0
 0  0      0 251448  15168 432236    0    0     0     0 1796  642  2  1 96  0  1  0
 0  0      0 251448  15168 432236    0    0     0     0 1813  639  2  2 96  0  0  0
 0  0      0 251448  15168 432236    0    0     0     0 1809  640  3  1 96  0  1  0
 0  0      0 251448  15168 432236    0    0     0     0 1716  667  2  2 97  0  0  0
 0  0      0 251448  15168 432236    0    0     0   736 1760  672  2  2 95  1  0  0
 0  0      0 251448  15168 432236    0    0     0     0 1718  639  2  1 97  0  1  0
 0  0      0 251448  15168 432236    0    0     0     0 1795  645  3  1 96  0  0  0
 0  0      0 251448  15168 432236    0    0     0     0 1830  665  2  2 96  0  1  0
 0  0      0 251448  15168 432236    0    0     0     0 1818  633  2  2 96  0  0  0
 0  0      0 251448  15168 432236    0    0     0     0 1791  642  2  1 97  0  0  0
 0  0      0 251448  15168 432236    0    0     0     0  655  237  1  0 99  0  1  0
 0  0      0 251448  15168 432236    0    0     0     0   65   53  0  0 100  0  0  0
 0  0      0 251448  15168 432236    0    0     0     0   61   42  0  0 100  0  0  0
 0  0      0 251448  15168 432236    0    0     0     0   44   38  0  0 100  0  0  0
