procs -----------memory---------- ---swap-- -----io---- -system-- -------cpu-------
 r  b   swpd   free   buff  cache   si   so    bi    bo   in   cs us sy id wa st gu
 1  0      0 381532  24052 865932    0    0   717  1564 1053    3 19  2 77  2  0  0
 0  0      0 381260  24052 867452    0    0  1456     0  641  401 19  1 79  1  0  0
 1  0      0 381020  24052 867452    0    0     0     0 2346 1316 57  3 39  0  0  0
 1  0      0 381020  24052 867452    0    0     0     0 2201  911 60  3 37  0  0  0
 1  0      0 369932  24052 867452    0    0     0     0 2252  879 59  4 38  0  0  0
 1  0      0 369692  24052 867452    0    0     0     0 2219  827 59  3 38  0  0  0
 1  0      0 368208  24052 867452    0    0     0     0 2205  875 60  4 37  0  0  0
 1  0      0 367956  24052 867452    0    0     0     0 2174  856 61  2 38  0  0  0
 1  0      0 367956  24052 867452    0    0     0     0 2148  844 59  2 39  0  0  0
 1  0      0 367956  24052 867452    0    0     0     0 2142  837 59  2 39  0  0  0
 1  0      0 367956  24052 867452    0    0     0     0 2153  890 53  3 45  0  0  0
 1  0      0 366192  24052 867452    0    0     0     0 2246  910 59  3 39  0  0  0
 1  0      0 365940  24052 867452    0    0     0     0 2203  906 54  4 43  0  0  0
 1  0      0 365940  24052 867452    0    0     0     0 2258  944 58  3 39  0  1  0
 2  0      0 365940  24052 867452    0    0     0     0 2188  826 57  3 40  0  0  0
 1  0      0 365940  24052 867452    0    0     0     0 2177  884 55  3 43  0  0  0
 2  0      0 365688  24052 867452    0    0     0     0 1820  835 30  4 65  0  0  0
 6  0      0 365688  24052 867452    0    0     0     0 2084  826 52  2 46  0  0  0
 3  0      0 365688  24052 867452    0    0     0     0 2124  786 56  3 41  0  0  0
 8  0      0 365688  24052 867452    0    0     0     0 2039  854 47  2 51  0  0  0
 6  0      0 365688  24052 867452    0    0     0     0  897  561 32  3 65  0  0  0
 5  0      0 365464  24052 867452    0    0     0     0  900  499 30  3 67  0  0  0
10  0      0 364960  24052 867452    0    0     0     0  887  501 39  5 57  0  0  0
 7  0      0 364708  24060 867452    0    0     0    52  978  687 40  2 57  0  1  0
 6  0      0 364708  24060 867452    0    0     0     0  918  546 39  5 57  0  0  0
 8  0      0 363700  24060 867452    0    0     0     0  891  439 39  3 57  0  0  0
10  0      0 362692  24060 867452    0    0     0     0  929  490 31  4 65  0  0  0
 9  0      0 362692  24060 867452    0    0     0     0  943  517 41  3 55  0  0  0
10  0      0 362692  24060 867452    0    0     0     0  948  594 76  8 14  0  2  0
 7  0      0 362692  24060 867452    0    0     0     0  993  571 90  8  0  0  2  0
 7  0      0 362692  24060 867452    0    0     0     0  915  526 94  4  2  0  0  0
 2  0      0 362692  24060 867452    0    0     0  1624 1105  612 57  7 30  0  7  0
 3  0      0 362692  24060 867452    0    0     0     0  948  549 26  2 69  0  2  0
 1  0      0 362452  24060 867452    0    0     0     0  914  581 31  4 64  0  1  0
 3  0      0 362452  24060 867452    0    0     0     0 1177  565 24  3 73  0  0  0
 0  0      0 362452  24060 867452    0    0     0     0  939  539 32  4 63  0  1  0
 7  0      0 362212  24060 867452    0    0     0     0  942  525 29  3 68  0  0  0
 1  0      0 362212  24060 867452    0    0     0     0  973  599 35  4 60  0  1  0
 2  0      0 362212  24060 867452    0    0     0     0  886  498 36  5 59  0  0  0
 2  0      0 362212  24060 867452    0    0     0     0  899  527 38  3 58  0  1  0
 5  0      0 362212  24060 867452    0    0     0     0  872  501 48  4 48  0  0  0
 5  0      0 362212  24060 867452    0    0     0     0  889  468 24  2 73  0  1  0
 1  0      0 362212  24060 867452    0    0     0     0  888  513 38  3 59  0  0  0
 3  0      0 362212  24060 867452    0    0     0     0  866  501 30  3 67  0  0  0
 2  0      0 362212  24060 867452    0    0     0     0  879  530 46  4 48  0  1  0
 2  0      0 362212  24060 867452    0    0     0     0  879  416 30  2 68  0  0  0
 1  0      0 362212  24060 867452    0    0     0     0  804  394 31  1 67  0  1  0
 1  0      0 362212  24060 867452    0    0     0     0  414  212 21  1 78  0  1  0
 1  0      0 362212  24060 867452    0    0     0     0  347   99 20  0 79  0  1  0
 1  0      0 362212  24060 867452    0    0     0     0  341   66 20  0 78  0  2  0
