procs -----------memory---------- ---swap-- -----io---- -system-- -------cpu-------
 r  b   swpd   free   buff  cache   si   so    bi    bo   in   cs us sy id wa st gu
 1  0      0 232372  15636 432640    0    0   722   981  756    2  4  2 91  3  0  0
 0  0      0 232400  15636 432644    0    0     0     0   49   33  0  0 100  0  0  0
 1  0      0 232304  15636 432644    0    0     0     0 2752 1392  6  2 92  0  1  0
 0  0      0 232304  15636 432644    0    0     0     0 4519 2113  6  3 91  0  0  0
 0  0      0 232304  15644 432644    0    0     0    64 4661 2133  7  3 88  1  1  0
 0  0      0 232304  15644 432644    0    0     0     0 4449 2256  8  4 89  0  0  0
 1  0      0 232304  15644 432636    0    0     0     4 4584 2126  7  4 89  0  1  0
 0  0      0 232304  15644 432636    0    0     0   820 4416 2123  8  4 88  1  1  0
 1  0      0 232304  15644 432636    0    0     0     0 4671 2136  8  3 88  0  1  0
 0  0      0 232304  15644 432636    0    0     0     0 4400 2094  8  3 88  0  1  0
 0  0      0 232304  15644 432636    0    0     0     0 4714 2118  7  4 89  0  1  0
 1  0      0 232304  15644 432636    0    0     0     0 4817 2100  7  4 88  0  1  0
 3  0      0 232304  15644 432636    0    0     0     0 4686 2304  8  3 89  0  1  0
 1  0      0 232304  15644 432628    0    0     0     8 4587 2113  6  3 91  0  0  0
 0  0      0 232304  15644 432628    0    0     0     0 4531 2107  7  2 90  0  1  0
 1  0      0 232304  15644 432628    0    0     0     0 4526 2112  7  3 90  0  1  0
 1  0      0 232304  15644 432628    0    0     0     0 4298 2146  6  4 89  0  1  0
 0  0      0 232304  15644 432628    0    0     0     0 3999 2100  7  3 90  0  1  0
 0  0      0 232304  15644 432628    0    0     0     0 4396 2125  6  3 91  0  0  0
 0  0      0 233292  15644 432620    0    0     0     0 4061 2256  8  4 88  0  1  0
 0  0      0 233292  15644 432620    0    0     0     0 4427 2135  8  3 89  0  1  0
 1  0      0 233292  15644 432620    0    0     0     0 4477 2117  7  3 89  0  1  0
 1  0      0 233292  15644 432620    0    0     0     0 4431 2141  8  4 88  0  1  0
 0  0      0 233292  15644 432620    0    0     0     0 4662 2107  8  3 88  0  1  0
 0  0      0 233292  15644 432620    0    0     0     0 4411 2117  8  4 88  0  1  0
 1  0      0 233292  15644 432620    0    0     0     0 4237 2115  6  3 90  0  1  0
 0  0      0 233292  15644 432620    0    0     0     0 4319 2097  7  3 89  0  1  0
 0  0      0 233292  15644 432620    0    0     0     0 3990 2102  8  4 89  0  1  0
 0  0      0 233292  15644 432620    0    0     0     0 4165 2255  8  4 89  0  0  0
 0  0      0 233292  15644 432620    0    0     0     0 4054 2100  7  4 89  0  1  0
 0  0      0 233292  15644 432620    0    0     0     0 4123 2177  8  3 89  0  1  0
 0  0      0 233292  15644 432620    0    0     0     0 4244 2113  6  4 90  0  0  0
 1  0      0 233292  15644 432620    0    0     0     0 4503 2173  6  4 90  0  1  0
 0  0      0 233292  15644 432620    0    0     0     0 4480 2111  8  3 88  0  1  0
 0  0      0 233292  15652 432612    0    0     0    44 4400 2114  6  3 91  1  0  0
 0  0      0 233292  15652 432620    0    0     0     0 4146 2120  6  3 90  0  1  0
 0  0      0 233292  15652 432620    0    0     0     8 4376 2150  7  4 89  0  1  0
 0  0      0 233292  15652 432620    0    0     0    44 4469 2103  6  3 91  0  0  0
 0  0      0 233292  15652 432620    0    0     0   272 4718 2125  7  3 89  0  1  0
 0  0      0 233292  15652 432620    0    0     0     0 4666 2093  8  2 90  0  1  0
 0  0      0 233292  15652 432620    0    0     0     0 4708 2118  8  3 89  0  1  0
 0  0      0 233292  15652 432620    0    0     0     0 4713 2104  6  3 91  0  0  0
 0  0      0 233292  15652 432620    0    0     0     0 4629 2109  7  3 90  0  1  0
 1  0      0 233292  15652 432620    0    0     0   620 4626 2139  6  4 89  1  1  0
 0  0      0 233292  15652 432620    0    0     0     0 4669 2107  8  3 89  0  1  0
 1  0      0 233292  15652 432620    0    0     0     0 4367 2114  7  4 89  0  1  0
 0  0      0 233292  15652 432620    0    0     0     0 4616 2102  8  3 89  0  1  0
 0  0      0 233292  15652 432620    0    0     0     0 1641  759  3  2 96  0  0  0
 0  0      0 233292  15652 432620    0    0     0     0   74   64  0  0 100  0  0  0
 0  0      0 233292  15652 432620    0    0     0     0   49   36  0  0 100  0  0  0
