procs -----------memory---------- ---swap-- -----io---- -system-- -------cpu-------
 r  b   swpd   free   buff  cache   si   so    bi    bo   in   cs us sy id wa st gu
 1  0      0 262804  15128 430892    0    0   978  1318  744    3  5  2 88  4  0  0
 0  0      0 262804  15128 430976    0    0     0     0  202  110  0  0 99  0  0  0
 0  0      0 262732  15128 431048    0    0     0   256  783  300  1  1 98  1  0  0
 0  0      0 262564  15128 431128    0    0     0     0  729  261  1  1 98  0  0  0
 0  0      0 262468  15128 431200    0    0     0     0  763  262  1  1 98  0  0  0
 0  0      0 262348  15128 431272    0    0     0   256  781  289  1  0 99  0  0  0
 0  0      0 262228  15128 431352    0    0     0     0  746  259  1  1 98  0  1  0
 0  0      0 262228  15128 431416    0    0     0     0  735  256  1  1 99  0  0  0
 0  0      0 262228  15128 431480    0    0     0   256  752  275  1  1 98  0  0  0
 0  0      0 262108  15128 431560    0    0     0     0  777  290  1  1 98  0  0  0
 0  0      0 262108  15128 431632    0    0     0     0  724  252  1  0 99  0  0  0
 0  0      0 261988  15128 431720    0    0     0   256  777  288  1  2 97  0  0  0
 0  0      0 261868  15128 431768    0    0     0     0  745  278  1  0 99  0  0  0
 0  0      0 261796  15128 431872    0    0     0     0  756  288  1  1 98  0  1  0
 0  0      0 261748  15128 431960    0    0     0     0  738  263  1  0 99  0  0  0
 0  0      0 261676  15128 431960    0    0     0   256  758  291  1  1 98  1  0  0
 0  0      0 261628  15128 432112    0    0     0     0  713  259  1  1 98  0  0  0
 0  0      0 261556  15128 432112    0    0     0     0  732  273  1  1 98  0  0  0
 0  0      0 261508  15128 432168    0    0     0   256  737  264  1  1 98  0  0  0
 0  0      0 261508  15128 432184    0    0     0     0  677  264  1  0 99  0  0  0
 0  0      0 261508  15128 432184    0    0     0     0  577  245  1  1 98  0  0  0
 0  0      0 261508  15128 432184    0    0     0   256  664  295  1  1 99  0  0  0
 0  0      0 261508  15128 432192    0    0     0   604  648  282  1  1 98  1  0  0
 0  0      0 261508  15136 432184    0    0     0   140  659  282  1  1 98  1  0  0
 0  0      0 261508  15136 432192    0    0     0   404  638  286  1  1 98  0  0  0
 0  0      0 261508  15136 432192    0    0     0     0  653  274  1  0 99  0  0  0
 0  0      0 261508  15136 432192    0    0     0     0  597  246  1  1 98  0  0  0
 0  0      0 261508  15136 432192    0    0     0   256  613  274  1  1 99  0  0  0
 0  0      0 261388  15136 432200    0    0     0   240  633  262  1  1 99  0  0  0
 0  0      0 261388  15136 432200    0    0     0     0  656  299  1  1 98  0  0  0
 0  0      0 261388  15136 432200    0    0     0     0  612  260  1  1 99  0  0  0
 0  0      0 261388  15136 432200    0    0     0   256  609  284  0  1 98  1  1  0
 0  0      0 261388  15136 432200    0    0     0     0  558  255  1  1 98  0  0  0
 0  0      0 261388  15136 432200    0    0     0     0  614  258  1  1 98  0  0  0
 0  0      0 261388  15136 432200    0    0     0   256  637  274  2  1 98  0  0  0
 0  0      0 261388  15152 432200    0    0     0   236 1657 2271  1  2 94  3  1  0
 0  0      0 261388  15152 432200    0    0     0     8  610  283  1  1 99  0  0  0
 0  0      0 261388  15152 432200    0    0     0     0  656  306  1  1 98  0  0  0
 0  0      0 261388  15152 432200    0    0     0     0  585  236  1  1 99  0  0  0
 0  0      0 261388  15152 432200    0    0     0     0  627  244  1  1 99  0  0  0
 0  0      0 261388  15152 432200    0    0     0     0  659  351  1  0 98  0  1  0
 0  0      0 261388  15152 432200    0    0     0     0  599  263  1  1 98  0  0  0
 0  0      0 261388  15152 432200    0    0     0     0  600  239  1  1 99  0  0  0
 0  0      0 261388  15152 432200    0    0     0     0  536  237  1  0 99  0  0  0
 0  0      0 261388  15152 432200    0    0     0     0  587  264  1  1 98  0  0  0
 0  0      0 261388  15152 432200    0    0     0     0  633  304  1  1 99  0  0  0
 0  0      0 261388  15152 432200    0    0     0     0  534  204  1  1 98  0  0  0
 0  0      0 261388  15152 432200    0    0     0     0   72   81  0  0 100  0  0  0
 0  0      0 261388  15152 432200    0    0     0     0   38   28  0  0 100  0  0  0
 0  0      0 261388  15152 432200    0    0     0     0  114   70  0  0 100  0  0  0
