procs -----------memory---------- ---swap-- -----io---- -system-- -------cpu-------
 r  b   swpd   free   buff  cache   si   so    bi    bo   in   cs us sy id wa st gu
 1  0      0 233036  15660 432648    0    0   664   903  890    2  4  2 91  2  0  0
 1  0      0 233036  15660 432648    0    0     0     0 1199  549  2  1 97  0  0  0
 0  0      0 233036  15660 432648    0    0     0     0 2405 1094  4  2 94  0  1  0
 0  0      0 233036  15660 432648    0    0     0  1020 2498 1177  4  2 94  1  0  0
 0  0      0 233036  15660 432648    0    0     0     0 2421 1107  5  2 93  0  1  0
 1  0      0 233036  15660 432648    0    0     0     0 2410 1094  5  2 93  0  1  0
 0  0      0 233036  15660 432648    0    0     0     0 2368 1084  4  2 93  0  1  0
 0  0      0 233036  15660 432648    0    0     0     0 2243 1132  4  2 95  0  0  0
 1  0      0 233036  15660 432648    0    0     0     0 2338 1175  5  2 93  0  1  0
 1  0      0 233036  15660 432648    0    0     0     0 2251 1094  4  2 94  0  0  0
 0  0      0 233036  15660 432648    0    0     0     0 2211 1102  3  2 95  0  0  0
 0  0      0 233036  15660 432648    0    0     0     0 2336 1149  4  2 93  0  1  0
 1  0      0 233036  15660 432648    0    0     0     0 2106 1084  5  2 94  0  0  0
 0  0      0 233036  15660 432648    0    0     0     0 2411 1130  4  2 93  0  1  0
 0  0      0 233036  15660 432648    0    0     0     0 2245 1103  5  2 93  0  1  0
 0  0      0 233036  15660 432648    0    0     0     0 2244 1132  4  2 94  0  1  0
 0  0      0 233036  15660 432648    0    0     0     0 2217 1085  5  2 93  0  0  0
 0  0      0 233036  15660 432648    0    0     0     0 2245 1129  4  2 93  0  0  0
 0  0      0 233036  15660 432648    0    0     0     0 2388 1104  4  2 94  0  0  0
 0  0      0 233036  15660 432648    0    0     0     0 2393 1096  5  2 93  0  1  0
 0  0      0 233036  15660 432648    0    0     0     0 2410 1133  5  1 94  0  1  0
 0  0      0 233036  15660 432648    0    0     0     0 2385 1113  5  2 93  0  1  0
 0  0      0 233036  15660 432648    0    0     0     0 2339 1088  4  2 94  0  0  0
 0  0      0 233036  15660 432648    0    0     0     0 2428 1111  5  3 92  0  1  0
 0  0      0 233036  15668 432640    0    0     0    48 2391 1112  5  2 92  1  1  0
 0  0      0 233036  15668 432648    0    0     0     4 2423 1116  5  2 93  0  1  0
 0  0      0 233036  15668 432648    0    0     0     0 2415 1090  6  2 91  0  1  0
 0  0      0 233036  15668 432648    0    0     0     0 2437 1121  6  3 91  0  1  0
 0  0      0 233036  15668 432648    0    0     0     0 2325 1117  5  3 91  0  1  0
 0  0      0 233036  15668 432648    0    0     0     0 2238 1099  5  2 92  0  1  0
 0  0      0 233036  15668 432648    0    0     0     0 2271 1091  5  3 92  0  1  0
 0  0      0 233036  15668 432648    0    0     0     0 2396 1183  5  3 91  0  1  0
 0  0      0 233036  15668 432648    0    0     0     0 2232 1097  5  2 92  0  1  0
 0  0      0 233036  15668 432648    0    0     0     0 2393 1106  6  3 91  0  1  0
 0  0      0 233036  15668 432648    0    0     0     0 2445 1081  6  3 91  0  1  0
 0  0      0 233036  15668 432648    0    0     0     0 2490 1114  6  2 91  0  1  0
 0  0      0 233036  15668 432648    0    0     0     0 2446 1090  6  2 92  0  1  0
 0  0      0 233036  15668 432648    0    0     0     0 2474 1100  5  2 93  0  1  0
 0  0      0 233036  15668 432648    0    0     0     0 2436 1103  5  3 92  0  1  0
 0  0      0 233036  15668 432648    0    0     0     0 2420 1101  6  2 92  0  1  0
 0  0      0 233036  15668 432648    0    0     0     0 2416 1115  5  3 92  0  1  0
 0  0      0 233036  15668 432648    0    0     0     0 2352 1093  4  2 95  0  0  0
 0  0      0 233036  15668 432648    0    0     0     0 2348 1093  5  1 94  0  1  0
 1  0      0 233036  15668 432648    0    0     0     0 2225 1121  4  3 93  0  1  0
 1  0      0 233036  15668 432648    0    0     0     0 2223 1096  6  2 92  0  1  0
 0  0      0 233036  15668 432648    0    0     0     0 2220 1108  5  2 93  0  1  0
 0  0      0 233036  15668 432648    0    0     0     0 1264  611  3  1 96  0  1  0
 0  0      0 233036  15668 432648    0    0     0     0   58   48  0  0 100  0  0  0
 0  0      0 233036  15668 432648    0    0     0     0   48   42  0  0 100  0  0  0
 0  0      0 233036  15668 432648    0    0     0     0   31   24  0  0 100  0  0  0
