procs -----------memory---------- ---swap-- -----io---- -system-- -------cpu-------
 r  b   swpd   free   buff  cache   si   so    bi    bo   in   cs us sy id wa st gu
 1  0      0 229180  15684 432676    0    0   613   836  920    2  4  2 91  2  0  0
 0  0      0 228988  15684 432676    0    0     0   676 5505 2887 12  6 78  0  3  0
 0  0      0 228988  15684 432676    0    0     0     4 6193 3250 12  7 78  0  2  0
 0  0      0 228988  15684 432676    0    0     0     0 6071 3242 12  7 80  0  1  0
 1  0      0 228988  15684 432676    0    0     0     0 6069 3214 11  7 80  0  1  0
 2  0      0 228988  15684 432676    0    0     0     0 6053 3265 12  8 79  0  1  0
 0  0      0 228988  15684 432676    0    0     0   296 6062 3249 11  8 80  0  1  0
 0  0      0 228988  15684 432676    0    0     0     0 6040 3233 13  7 79  0  2  0
 0  0      0 228988  15684 432676    0    0     0     0 5963 3235 13  9 75  0  4  0
 1  0      0 228988  15684 432676    0    0     0     0 5975 3254 12  7 79  0  1  0
 1  0      0 228988  15684 432676    0    0     0     0 5938 3246 12  6 78  0  3  0
 0  0      0 228988  15684 432676    0    0     0     0 6109 3268 11  6 82  0  0  0
 0  0      0 228988  15684 432676    0    0     0     0 5903 3244 11  7 83  0  1  0
 0  0      0 228988  15684 432676    0    0     0     0 5627 3239 10  6 83  0  1  0
 2  0      0 228988  15684 432676    0    0     0     0 6108 3227 10  6 84  0  1  0
 1  0      0 228988  15684 432676    0    0     0     0 6031 3234 10  7 83  0  1  0
 0  0      0 228988  15684 432676    0    0     0     0 6015 3234 10  6 83  0  1  0
 1  0      0 228988  15684 432676    0    0     0     0 5747 3249 10  6 83  0  1  0
 1  0      0 228988  15684 432676    0    0     0     0 5867 3200 11  6 82  0  0  0
 0  0      0 228988  15684 432676    0    0     0     0 5934 3242 11  6 82  0  0  0
 1  0      0 228988  15684 432676    0    0     0     0 6005 3276 12  5 82  0  1  0
 0  0      0 228988  15684 432676    0    0     0     0 5742 3253 11  7 83  0  0  0
 1  0      0 228988  15684 432676    0    0     0     0 5814 3235 10  6 84  0  1  0
 0  0      0 228988  15684 432676    0    0     0     0 5970 3236 10  6 83  0  0  0
 0  0      0 228988  15684 432676    0    0     0     0 6023 3225  9  6 84  0  1  0
 0  0      0 228988  15684 432676    0    0     0     0 5853 3261  9  7 83  0  0  0
 0  0      0 228988  15684 432676    0    0     0     0 5877 3244 11  6 84  0  0  0
 0  0      0 228988  15684 432676    0    0     0     0 5873 3240 10  6 83  0  0  0
 0  0      0 228988  15684 432676    0    0     0     0 5905 3241 10  6 84  0  0  0
 0  0      0 228988  15684 432676    0    0     0     0 5823 3258 10  7 84  0  1  0
 1  0      0 228988  15692 432668    0    0     0    40 6068 3254 11  5 83  0  0  0
 0  0      0 228988  15692 432676    0    0     0     0 6025 3234 12  6 81  0  0  0
 1  0      0 228988  15692 432676    0    0     0    40 5706 3269 11  6 83  0  1  0
 0  0      0 228988  15692 432676    0    0     0     0 5742 3252 10  6 84  0  0  0
 1  0      0 228988  15692 432676    0    0     0     0 5860 3246 11  6 82  0  0  0
 1  0      0 228988  15692 432676    0    0     0     0 5940 3244 10  7 82  0  0  0
 2  0      0 228988  15692 432676    0    0     0     0 5792 3292 11  6 82  0  0  0
 0  0      0 228988  15692 432676    0    0     0     0 5945 3277 10  6 84  0  1  0
 0  0      0 228988  15692 432676    0    0     0     0 6059 3321 10  7 82  0  0  0
 1  0      0 228988  15692 432676    0    0     0     0 5630 3242 11  6 83  0  0  0
 0  0      0 228988  15692 432676    0    0     0     0 5732 3265 11  6 82  0  0  0
 0  0      0 228988  15692 432676    0    0     0     0 5857 3253 10  7 83  0  0  0
 0  0      0 228988  15692 432676    0    0     0     0 5663 3243 10  6 84  0  0  0
 1  0      0 228988  15692 432676    0    0     0     0 5891 3250 11  5 83  0  0  0
 0  0      0 228988  15692 432676    0    0     0     0 5751 3222 10  6 83  0  0  0
 0  0      0 228988  15692 432676    0    0     0     0 6017 3259 10  6 83  0  0  0
 0  0      0 228988  15692 432676    0    0     0     0  797  421  1  1 98  0  0  0
 0  0      0 228988  15692 432676    0    0     0     0   66   46  0  0 100  0  0  0
 0  0      0 228988  15692 432676    0    0     0     0   63   45  0  0 100  0  0  0
 0  0      0 228988  15692 432668    0    0     0     0  153  198  1  1 99  0  0  0
