procs -----------memory---------- ---swap-- -----io---- -system-- -------cpu-------
 r  b   swpd   free   buff  cache   si   so    bi    bo   in   cs us sy id wa st gu
 4  0      0 316100  24444 877812    0    0   494  1067 1314    4 18  2 78  1  0  0
 1  0      0 316052  24444 877812    0    0     0     0 3721 2274 38  6 55  0  0  0
 1  0      0 316052  24444 877812    0    0     0     0 3559 1853 43  6 51  0  1  0
 1  0      0 316052  24444 877812    0    0     0     0 3542 2046 31  6 63  0  0  0
 0  0      0 316052  24444 877812    0    0     0     0 3405 1924 34  5 60  0  0  0
 1  0      0 316052  24444 877812    0    0     0     0 3266 1710 25  4 70  0  0  0
 0  0      0 316052  24444 877812    0    0     0     0 3096 1700 21  4 75  0  0  0
 1  0      0 315560  24444 877812    0    0     0     0 3165 1736 17  5 77  0  0  0
 0  0      0 315560  24444 877812    0    0     0     0 3074 1763 15  5 79  0  0  0
 0  0      0 315560  24444 877812    0    0     0     0 3083 1680 16  5 79  0  0  0
 0  0      0 315560  24444 877812    0    0     0     0 3112 1716 15  5 79  0  0  0
 1  0      0 315560  24444 877812    0    0     0     0 3068 1701 14  6 80  0  0  0
 0  0      0 316568  24444 877812    0    0     0     0 3194 1812 19  6 75  0  0  0
 1  0      0 316640  24444 877812    0    0     0     0 3167 1748 15  4 80  0  0  0
 1  0      0 316640  24444 877812    0    0     0     0 3411 1764 38  5 57  0  0  0
 0  0      0 317972  24444 877812    0    0     0     0 3224 1712 22  5 73  0  0  0
 0  0      0 317972  24444 877812    0    0     0     0 3080 1718 15  5 79  0  0  0
 1  0      0 317972  24444 877812    0    0     0     0 3285 1801 30  5 65  0  0  0
 1  0      0 317780  24444 877812    0    0     0     0 3097 1727 17  5 77  0  0  0
 1  0      0 317732  24444 877812    0    0     0     0 3177 1725 22  5 72  0  0  0
 1  0      0 317732  24444 877812    0    0     0     0 3148 1690 15  5 80  0  0  0
 1  0      0 317732  24444 877812    0    0     0     4 3136 1738 18  5 76  0  1  0
 0  0      0 317732  24444 877812    0    0     0     0 3208 1693 21  5 73  0  0  0
 0  0      0 317732  24452 877812    0    0     0    60 3134 1718 15  5 79  0  0  0
 1  0      0 317732  24452 877812    0    0     0     0 3133 1692 15  5 80  0  0  0
 0  0      0 317732  24452 877812    0    0     0     0 3189 1740 16  6 77  0  0  0
 0  0      0 317540  24452 877812    0    0     0     0 3146 1686 15  5 80  0  0  0
 1  0      0 317268  24452 877812    0    0     0     0 3161 1698 15  6 79  0  0  0
 0  0      0 317268  24452 877812    0    0     0     0 3140 1710 15  5 80  0  0  0
 0  0      0 317268  24452 877812    0    0     0     0 3167 1738 15  6 79  0  0  0
 0  0      0 317268  24452 877812    0    0     0  1632 3439 1865 33  5 61  0  1  0
 1  0      0 317268  24452 877812    0    0     0     0 3161 1695 13  5 81  0  0  0
 4  0      0 317268  24452 877812    0    0     0     0 3138 1622 14  5 81  0  0  0
 0  0      0 317268  24452 877812    0    0     0     0 3180 1701 14  5 80  0  0  0
 1  0      0 317028  24452 877812    0    0     0     0 3179 1790 16  6 79  0  0  0
 1  0      0 317028  24452 877812    0    0     0     0 3127 1728 14  5 80  0  0  0
 0  0      0 317028  24452 877812    0    0     0     0 3233 1692 15  4 80  0  0  0
 0  0      0 317028  24452 877812    0    0     0     0 3194 1683 20  5 75  0  0  0
 2  0      0 317028  24452 877812    0    0     0     0 3165 1746 17  5 78  0  0  0
 0  0      0 317028  24452 877812    0    0     0     0 3192 1736 15  5 79  0  0  0
 0  0      0 317028  24452 877812    0    0     0     0 3074 1686 14  5 81  0  0  0
 0  0      0 317028  24452 877812    0    0     0     0 3001 1682 15  4 80  0  0  0
 1  0      0 317028  24452 877812    0    0     0     0 3184 1697 19  5 76  0  0  0
 0  0      0 317028  24452 877812    0    0     0     0 3536 1788 54  5 41  0  0  0
 0  0      0 317028  24452 877812    0    0     0     0 3055 1713 14  5 80  0  0  0
 0  0      0 316836  24452 877812    0    0     0     0 3091 1761 17  5 78  0  0  0
 0  0      0 316788  24452 877812    0    0     0     0  207  153  0  1 100  0  0  0
 0  0      0 316788  24452 877812    0    0     0     0  136  122  0  0 100  0  0  0
 0  0      0 316788  24452 877812    0    0     0     0  140  119  0  0 100  0  0  0
 0  0      0 316788  24452 877812    0    0     0     0  146  133  0  0 99  0  0  0
