procs -----------memory---------- ---swap-- -----io---- -system-- -------cpu-------
 r  b   swpd   free   buff  cache   si   so    bi    bo   in   cs us sy id wa st gu
 3  0      0 293932  24460 877892    0    0   456   988 1349    4 17  3 79  1  0  0
 2  0      0 293884  24460 877892    0    0     0     0 6604 4238 47 10 42  0  0  0
 0  0      0 298020  24460 877892    0    0     0     0 7358 4474 40 11 47  0  1  0
 0  0      0 302132  24460 877892    0    0     0     0 7372 4532 41 10 49  0  1  0
 1  0      0 302032  24460 877892    0    0     0     0 7037 4362 50 10 37  0  2  0
 0  0      0 302300  24460 877892    0    0     0     0 6904 4458 55 10 34  0  2  0
 0  0      0 302112  24460 877892    0    0     0     0 7389 4465 39 10 50  0  1  0
 1  0      0 302136  24460 877892    0    0     0     0 7249 4535 39 10 50  0  1  0
 1  0      0 302208  24460 877892    0    0     0     0 7378 4628 34 11 54  0  1  0
 1  0      0 302712  24460 877892    0    0     0     0 6979 4447 52  8 40  0  0  0
 1  0      0 303636  24460 877892    0    0     0     0 7255 4654 35  9 55  0  0  0
 1  0      0 305564  24460 877892    0    0     0     0 7281 4499 36 10 52  0  1  0
 0  0      0 305672  24460 877892    0    0     0     0 7252 4494 37 10 53  0  0  0
 5  0      0 305476  24460 877892    0    0     0     0 7056 4504 42  9 49  0  0  0
 2  0      0 305476  24460 877892    0    0     0     0 7044 4401 45 10 45  0  0  0
 2  0      0 305224  24460 877892    0    0     0     0 7090 4486 41  9 49  0  0  0
 0  0      0 305032  24460 877892    0    0     0     0 7160 4464 38 10 51  0  1  0
 0  0      0 306820  24468 877892    0    0     0    44 7176 4502 36 10 54  0  0  0
 5  0      0 306628  24468 877892    0    0     0     0 6382 4220 68  8 24  0  0  0
 0  0      0 307692  24468 877892    0    0     0     0 6914 4476 48  9 43  0  0  0
 0  0      0 307692  24468 877892    0    0     0     0 6960 4449 42 10 48  0  0  0
 1  0      0 307692  24468 877892    0    0     0     0 7156 4591 35  9 55  0  0  0
 4  0      0 307692  24468 877892    0    0     0     0 7044 4549 38  9 53  0  0  0
 0  0      0 307692  24468 877892    0    0     0     0 6741 4487 49  9 41  0  0  0
 1  0      0 307692  24468 877892    0    0     0     0 7201 4574 33  9 57  0  0  0
 1  0      0 307692  24468 877892    0    0     0     0 7052 4459 36  9 54  0  0  0
 3  0      0 308304  24468 877892    0    0     0     0 7053 4512 37 10 52  0  1  0
 2  0      0 309384  24468 877892    0    0     0     0 6806 4544 52 10 38  0  0  0
 0  0      0 310476  24468 877892    0    0     0     0 7136 4531 32 11 57  0  0  0
 0  0      0 310876  24468 877892    0    0     0    16 7204 4616 33  9 58  0  0  0
 0  0      0 310876  24472 877888    0    0     0  1576 7099 4585 34  9 56  0  0  0
 1  0      0 311988  24472 877892    0    0     0     0 7282 4502 35  9 55  0  0  0
 0  0      0 312084  24472 877892    0    0     0     0 6823 4448 50  9 41  0  0  0
 0  0      0 312020  24472 877892    0    0     0     0 7066 4600 37  9 54  0  0  0
 0  0      0 312020  24472 877892    0    0     0     0 7399 4770 35 10 55  0  0  0
 2  0      0 313340  24472 877892    0    0     0     0 7192 4530 36  8 56  0  0  0
 3  0      0 312896  24472 877892    0    0     0     0 6758 4447 49  9 41  0  0  0
 1  0      0 314152  24472 877892    0    0     0     0 7110 4514 35 10 55  0  0  0
 0  0      0 315328  24472 877892    0    0     0     0 7124 4539 34  9 56  0  0  0
 2  0      0 315084  24472 877892    0    0     0     0 7101 4563 34 10 56  0  0  0
 1  0      0 314832  24472 877892    0    0     0     0 7044 4490 39  9 52  0  0  0
 0  0      0 314888  24472 877892    0    0     0     0 6932 4484 51  9 40  0  0  0
 2  0      0 315140  24472 877892    0    0     0     0 7175 4540 33 10 56  0  0  0
 2  0      0 314956  24472 877892    0    0     0     0 7202 4506 35  9 55  0  0  0
 2  0      0 314956  24472 877892    0    0     0     0 7054 4609 36  9 55  0  0  0
 2  0      0 314956  24472 877892    0    0     0     0 7065 4501 37  9 53  0  0  0
 0  0      0 314764  24472 877892    0    0     0     0  944  575 12  1 86  0  0  0
 0  0      0 314716  24472 877892    0    0     0     0  145  128  0  0 100  0  0  0
 0  0      0 314716  24472 877892    0    0     0    20  181  153  0  0 100  0  0  0
 0  0      0 314716  24472 877892    0    0     0     0  148  137  0  0 100  0  0  0
