procs -----------memory---------- ---swap-- -----io---- -system-- -------cpu-------
 r  b   swpd   free   buff  cache   si   so    bi    bo   in   cs us sy id wa st gu
 1  0      0 393900   3328 288964    0    0   323   442 1764    6  5  3 90  1  0  0
 0  0      0 393900   3328 288964    0    0     0     0 3322 1482  4  3 93  0  1  0
 0  0      0 393900   3328 288964    0    0     0     0 3090 1557  5  3 92  0  0  0
 0  0      0 393900   3328 288964    0    0     0     4 2305 1235  4  2 93  0  1  0
 0  0      0 393900   3328 288964    0    0     0   360 3040 1637  5  2 93  0  0  0
 0  0      0 393900   3328 288964    0    0     0     0 3231 1657  5  3 91  0  1  0
 0  0      0 393900   3328 288964    0    0     0     0 3570 1593  6  2 92  0  0  0
 0  0      0 393900   3328 288964    0    0     0     0 3502 1611  4  3 93  0  1  0
 0  0      0 393900   3328 288964    0    0     0     0 3194 1768  6  3 91  0  1  0
 0  0      0 393900   3328 288964    0    0     0     0 3639 1737  5  2 93  0  0  0
 0  0      0 393900   3328 288964    0    0     0     0 3843 1838  5  2 92  0  1  0
 1  0      0 393900   3328 288964    0    0     0     0 3318 1887  6  4 90  0  1  0
 0  0      0 393900   3328 288964    0    0     0     0 3720 1938  6  3 92  0  0  0
 0  0      0 393900   3328 288964    0    0     0     0 3911 1815  5  3 92  0  1  0
 0  0      0 393900   3328 288964    0    0     0     0 3163 1692  5  3 92  0  1  0
 1  0      0 393900   3328 288964    0    0     0     0 3776 1726  6  3 91  0  0  0
 0  0      0 393900   3328 288964    0    0     0     0 4033 1895  5  3 92  0  1  0
 0  0      0 393900   3328 288964    0    0     0     0 3901 1791  6  3 91  0  1  0
 1  0      0 393900   3328 288964    0    0     0     0 4094 1930  6  2 92  0  0  0
 0  0      0 393900   3328 288964    0    0     0     0 4137 1981  5  3 92  0  1  0
 0  0      0 393900   3328 288964    0    0     0     0 3384 1932  5  3 92  0  0  0
 0  0      0 393900   3328 288964    0    0     0     0 4084 1912  4  3 93  0  1  0
 0  0      0 393900   3328 288964    0    0     0     0 3836 1888  5  2 93  0  0  0
 0  0      0 393900   3328 288964    0    0     0     0 3252 1893  4  4 92  0  1  0
 1  0      0 393900   3328 288964    0    0     0     0 3465 1988  5  4 91  0  0  0
 0  0      0 393900   3328 288964    0    0     0     0 3459 1945  6  4 90  0  1  0
 0  0      0 393900   3328 288964    0    0     0     0 3469 2000  5  3 92  0  0  0
 0  0      0 393900   3328 288964    0    0     0     0 3449 1989  5  4 91  0  1  0
 0  0      0 393900   3328 288964    0    0     0     0 3591 2085  5  2 92  0  1  0
 0  0      0 393900   3328 288964    0    0     0     0 4148 1935  5  2 93  0  0  0
 1  0      0 393900   3336 288964    0    0     0    48 4296 1993  5  3 92  0  1  0
 0  0      0 393900   3336 288964    0    0     0     8 4221 2018  5  2 92  0  1  0
 0  0      0 393900   3336 288964    0    0     0     0 4167 1928  6  3 91  0  0  0
 0  0      0 393900   3336 288964    0    0     0     0 3934 1838  5  3 91  0  1  0
 0  0      0 393900   3336 288964    0    0     0    48 4099 1936  5  2 93  0  0  0
 0  0      0 393900   3336 288964    0    0     0  1924 3908 1816  5  2 92  1  1  0
 0  0      0 393900   3336 288964    0    0     0     0 3981 1888  5  2 93  0  1  0
 1  0      0 393900   3336 288964    0    0     0     0 3957 1819  5  2 93  0  0  0
 0  0      0 393900   3336 288964    0    0     0     0 3876 1953  5  4 91  0  1  0
 0  0      0 393900   3336 288964    0    0     0     0 3988 1856  5  3 92  0  1  0
 0  0      0 393900   3336 288964    0    0     0     0 4000 1906  5  2 93  0  0  0
 0  0      0 393900   3336 288964    0    0     0     0 3383 1962  7  3 90  0  1  0
 0  0      0 393900   3336 288964    0    0     0     0 3638 1852  5  3 91  0  1  0
 0  0      0 393900   3336 288964    0    0     0     0 3823 1748  5  2 92  0  1  0
 0  0      0 393900   3336 288964    0    0     0     0 3515 1710  6  4 89  0  1  0
 0  0      0 393900   3336 288964    0    0     0     0 3689 1655  6  2 92  0  1  0
 0  0      0 393900   3336 288964    0    0     0     0 3596 1644  5  3 92  0  1  0
 0  0      0 393900   3336 288964    0    0     0     0 3710 1771  6  4 89  0  1  0
 0  0      0 393900   3336 288964    0    0     0     0 3825 1828  5  3 93  0  0  0
 0  0      0 393900   3336 288964    0    0     0     4 3983 1878  4  3 93  0  1  0
 1  0      0 393900   3336 288964    0    0     0     0 4086 1926  5  2 93  0  1  0
 0  0      0 393900   3336 288964    0    0     0     0 4107 1959  5  3 92  0  0  0
 0  0      0 393900   3336 288964    0    0     0     0 4058 1889  5  2 92  0  1  0
 1  0      0 393900   3336 288964    0    0     0     0 4102 1941  5  2 93  0  0  0
 1  0      0 393900   3336 288964    0    0     0     0 3620 2060  5  4 91  0  1  0
 0  0      0 393900   3336 288964    0    0     0     0 3992 1856  6  3 91  0  1  0
 0  0      0 393900   3336 288964    0    0     0     0 3716 1928  6  3 91  0  1  0
 0  0      0 393900   3336 288964    0    0     0     0 3922 1824  6  3 91  0  1  0
 0  0      0 393900   3336 288964    0    0     0     0 3877 2037  5  3 92  0  0  0
 0  0      0 393900   3336 288964    0    0     0     0 3424 1870  4  3 93  0  1  0
 0  0      0 393900   3336 288964    0    0     0     0 1902  907  2  1 97  0  0  0
 0  0      0 393900   3336 288964    0    0     0     0   60   49  0  0 100  0  0  0
 0  0      0 393900   3336 288964    0    0     0     0   52   41  0  0 100  0  0  0
 0  0      0 393900   3336 288964    0    0     0     0   44   35  0  0 100  0  0  0
 0  0      0 393900   3336 288964    0    0     0     0   52   45  0  0 100  0  0  0
