procs -----------memory---------- ---swap-- -----io---- -system-- -------cpu-------
 r  b   swpd   free   buff  cache   si   so    bi    bo   in   cs us sy id wa st gu
 1  0      0 392500   3300 288784    0    0   338   459 1668    6  5  3 91  1  0  0
 0  0      0 392324   3300 288792    0    0     0   372 4547 2836  8  6 86  0  0  0
 1  0      0 392324   3300 288792    0    0     0     0 9557 5793 16 14 69  0  1  0
 2  0      0 392324   3300 288792    0    0     0     0 9713 6000 17 13 69  0  1  0
 3  0      0 392324   3300 288792    0    0     0     0 10490 6605 16 15 69  0  1  0
 1  0      0 392324   3300 288792    0    0     0     0 10566 6724 18 14 67  0  1  0
 0  0      0 392324   3300 288792    0    0     0     0 10411 6550 15 15 70  0  1  0
 2  0      0 392324   3300 288792    0    0     0     0 10066 6156 17 13 70  0  0  0
 0  0      0 392324   3300 288792    0    0     0     0 10112 6114 16 13 70  0  1  0
 0  0      0 392324   3300 288792    0    0     0     0 10777 6927 17 14 69  0  1  0
 0  0      0 392324   3300 288792    0    0     0     0 11147 7215 19 16 64  0  1  0
 0  0      0 392324   3300 288792    0    0     0     0 10859 6944 18 15 66  0  1  0
 0  0      0 392324   3300 288792    0    0     0     0 10759 6748 15 15 70  0  1  0
 0  0      0 392324   3300 288792    0    0     0     0 10603 6743 18 16 65  0  1  0
 0  0      0 392324   3300 288792    0    0     0     0 10880 7084 19 16 64  0  1  0
 2  0      0 392324   3300 288792    0    0     0     0 11552 7431 19 16 64  0  1  0
 0  0      0 392324   3300 288792    0    0     0     0 11121 7022 16 14 68  0  1  0
 0  0      0 392324   3300 288792    0    0     0     0 10838 6672 15 14 71  0  1  0
 1  0      0 392228   3300 288792    0    0     0     0 11126 7180 19 14 66  0  0  0
 2  0      0 392228   3300 288792    0    0     0     0 11495 7549 20 14 66  0  0  0
 1  0      0 392228   3300 288792    0    0     0     0 11136 7058 17 16 66  0  1  0
 2  0      0 392228   3300 288792    0    0     0     0 10611 6514 14 14 71  0  0  0
 2  0      0 392228   3300 288792    0    0     0     0 10300 6437 16 12 72  0  1  0
 0  0      0 392228   3300 288792    0    0     0     0 11194 7196 18 16 66  0  0  0
 0  0      0 392228   3300 288792    0    0     0     0 11723 7573 18 16 64  0  1  0
 2  0      0 392228   3300 288792    0    0     0     0 10259 6242 16 16 66  0  1  0
 0  0      0 392228   3300 288792    0    0     0     4 9795 6092 19 15 64  0  2  0
 1  0      0 392228   3300 288792    0    0     0     0 10484 6687 22 16 59  0  3  0
 1  0      0 392228   3300 288792    0    0     0     0 11090 7276 20 17 62  0  1  0
 2  0      0 392228   3308 288784    0    0     0    40 11055 6894 16 13 69  0  1  0
 0  0      0 392228   3308 288792    0    0     0     0 7072 4340 10 10 79  0  1  0
 2  0      0 392228   3308 288792    0    0     0    20 2156 1238  3  3 93  0  0  0
 1  0      0 392228   3308 288792    0    0     0  1972 2442 1410  4  4 93  0  0  0
 0  0      0 392228   3308 288792    0    0     0     0 2529 1527  4  4 92  0  0  0
 1  0      0 392228   3308 288792    0    0     0     4 2390 1381  3  3 93  0  0  0
 0  0      0 392228   3308 288792    0    0     0     0 2422 1426  4  4 92  0  0  0
 0  0      0 392228   3308 288792    0    0     0     0 2446 1463  4  4 93  0  0  0
 0  0      0 392228   3308 288792    0    0     0     0 2624 1594  4  3 93  0  1  0
 0  0      0 392228   3308 288792    0    0     0     0 2183 1256  3  4 94  0  0  0
 0  0      0 394404   3308 288792    0    0     0     0 2194 1331  4  2 94  0  0  0
 1  0      0 394436   3308 288784    0    0     0     0 2122 1159  3  3 94  0  0  0
 1  0      0 394436   3308 288784    0    0     0     0 1470  826  2  2 96  0  0  0
 0  0      0 394436   3308 288784    0    0     0     0 2319 1335  3  3 93  0  0  0
 2  0      0 394436   3308 288784    0    0     0     0 2758 1683  5  3 91  0  0  0
 4  0      0 394436   3308 288784    0    0     0     0 2607 1553  3  5 93  0  0  0
 1  0      0 394436   3308 288784    0    0     0     0 2523 1421  4  3 93  0  0  0
 1  0      0 394436   3308 288784    0    0     0     0 2322 1417  3  3 93  0  1  0
 0  0      0 394436   3308 288776    0    0     0     0 2624 1556  3  4 93  0  0  0
 0  0      0 394436   3308 288776    0    0     0     0 2083 1232  3  3 95  0  0  0
 0  0      0 394436   3308 288776    0    0     0     0 2107 1160  2  3 95  0  1  0
 0  0      0 394436   3308 288776    0    0     0     0 1351  719  2  2 97  0  0  0
 1  0      0 394436   3308 288776    0    0     0     0 2511 1448  3  4 94  0  0  0
 0  0      0 397224   3308 288776    0    0     0     0 2735 1821  5  3 93  0  0  0
 0  0      0 397240   3308 288768    0    0     0     0 2952 1880  4  4 91  0  0  0
 2  0      0 397240   3308 288768    0    0     0     0 2825 1800  5  3 92  0  0  0
 0  0      0 397240   3308 288768    0    0     0     0 2895 1803  5  3 92  0  0  0
 0  0      0 397240   3308 288768    0    0     0     0 2711 1627  5  4 91  0  1  0
 0  0      0 397240   3308 288768    0    0     0     0 2994 1842  5  4 91  0  0  0
 1  0      0 398600   3308 288768    0    0     0     0 2897 1918  4  4 92  0  0  0
 0  0      0 398608   3308 288760    0    0     0     0 2961 1861  4  3 93  0  0  0
 1  0      0 398608   3316 288752    0    0     0    36 2817 1689  4  3 92  0  0  0
 0  0      0 398608   3316 288760    0    0     0     0 2226 1429  3  3 94  0  0  0
 0  0      0 398608   3316 288760    0    0     0     0   43   37  0  0 100  0  0  0
 0  0      0 398608   3316 288760    0    0     0     0   43   32  0  0 100  0  0  0
 0  0      0 398608   3316 288760    0    0     0     0   39   36  0  0 100  0  0  0
