procs -----------memory---------- ---swap-- -----io---- -system-- -------cpu-------
 r  b   swpd   free   buff  cache   si   so    bi    bo   in   cs us sy id wa st gu
 4  0      0 766324  16712 448528    0    0   274   488 2141    9 23  4 72  1  0  0
 1  0      0 763816  16712 448528    0    0     0     0 4579 2572 73  4 23  0  0  0
 3  0      0 763816  16712 448528    0    0     0     0 4705 2655 73  4 23  0  0  0
 1  0      0 763816  16712 448528    0    0     0     0 4078 2303 89  4  8  0  0  0
 1  0      0 763816  16712 448528    0    0     0     0 5158 2718 71  5 24  0  0  0
 1  0      0 763816  16712 448528    0    0     0     0 5260 2867 67  5 28  0  0  0
 1  0      0 763816  16712 448528    0    0     0     0 5206 2690 69  4 26  0  1  0
 1  0      0 763816  16712 448528    0    0     0     0 5230 2784 69  4 27  0  0  0
 2  0      0 763816  16712 448528    0    0     0     0 5360 2983 60  4 36  0  0  0
 1  0      0 763576  16712 448528    0    0     0     0 5380 2971 48  4 47  0  0  0
 0  0      0 763576  16712 448528    0    0     0     0 5347 3262 31  4 65  0  0  0
 0  0      0 763576  16720 448528    0    0     0    44 5287 3319 39  5 56  0  0  0
 1  0      0 763576  16720 448528    0    0     0     0 5345 3302 22  4 74  0  0  0
 1  0      0 763576  16720 448528    0    0     0     0 5144 3186 38  4 58  0  0  0
 0  0      0 763576  16720 448528    0    0     0     0 5018 2870 75  4 21  0  0  0
 0  0      0 763576  16720 448528    0    0     0   316 5082 2831 60  4 36  0  0  0
 1  0      0 763576  16720 448528    0    0     0     0 5446 3257 17  5 78  0  0  0
 0  0      0 763576  16720 448528    0    0     0     0 5123 3116 29  4 67  0  1  0
 1  0      0 763576  16720 448528    0    0     0     0 5425 3206 21  5 74  0  0  0
 0  0      0 763576  16720 448528    0    0     0     0 5527 3366 16  4 79  0  0  0
 1  0      0 763576  16720 448528    0    0     0     0 5249 3333 18  4 78  0  0  0
 0  0      0 763324  16720 448528    0    0     0     0 5060 3257 18  4 78  0  0  0
 1  0      0 763324  16720 448528    0    0     0     0 5059 3325 22  5 73  0  1  0
 1  0      0 763324  16720 448528    0    0     0     0 5096 3326 42  5 53  0  0  0
 1  0      0 763324  16720 448528    0    0     0     0 5122 3342 20  5 76  0  0  0
 4  0      0 763132  16720 448528    0    0     0     0 4983 3285 22  4 74  0  0  0
 0  0      0 763084  16720 448528    0    0     0     0 4920 3394 17  5 78  0  0  0
 1  0      0 763084  16720 448528    0    0     0     0 5086 3446 16  5 79  0  1  0
 0  0      0 763084  16720 448528    0    0     0     0 5156 3532 15  4 80  0  0  0
 0  0      0 763084  16720 448528    0    0     0    16 5341 3352 17  5 79  0  0  0
 1  0      0 763084  16720 448528    0    0     0  1596 5474 3348 16  3 80  1  0  0
 0  0      0 762844  16720 448528    0    0     0     0 4962 3409 15  5 80  0  0  0
 1  0      0 762844  16720 448528    0    0     0     0 5322 3328 19  4 76  0  1  0
 1  0      0 762088  16720 448528    0    0     0     0 5259 3051 32  5 63  0  0  0
 1  0      0 762088  16720 448528    0    0     0     0 4932 3245 17  5 78  0  0  0
 1  0      0 762088  16720 448528    0    0     0     0 5219 3056 16  5 79  0  1  0
 0  0      0 762088  16720 448528    0    0     0     0 4911 3235 16  6 78  0  0  0
 0  0      0 762088  16720 448528    0    0     0     0 5015 3089 21  5 75  0  0  0
 0  0      0 762088  16720 448528    0    0     0     0 5305 3177 17  4 79  0  1  0
 0  0      0 762088  16720 448528    0    0     0     0 4993 3228 17  5 78  0  0  0
 1  0      0 762088  16720 448528    0    0     0     0 5387 3183 17  4 79  0  0  0
 0  0      0 762088  16720 448528    0    0     0     0 4997 3204 16  6 78  0  1  0
 0  0      0 762088  16720 448528    0    0     0    32 4859 3180 17  5 77  0  0  0
 0  0      0 762088  16720 448528    0    0     0     0 5216 3101 17  4 79  0  1  0
 0  0      0 762088  16720 448528    0    0     0     0 4777 2933 16  5 79  0  0  0
 0  0      0 760072  16720 448528    0    0     0     0 4878 2893 17  5 79  0  0  0
 1  0      0 759832  16720 448528    0    0     0     0 4954 2897 37  5 58  0  0  0
 0  0      0 759864  16720 448528    0    0     0     0 5076 3005 18  5 77  0  1  0
 1  0      0 759864  16720 448528    0    0     0     0 4659 3165 20  5 76  0  0  0
 0  0      0 759864  16720 448528    0    0     0     0 5035 3280 17  5 78  0  0  0
 0  0      0 759864  16720 448528    0    0     0     0 4839 3322 16  5 79  0  1  0
 0  0      0 759640  16720 448528    0    0     0     0 5409 3348 15  5 80  0  0  0
 1  0      0 759640  16720 448528    0    0     0     0 5119 3286 17  4 79  0  0  0
 0  0      0 757876  16720 448528    0    0     0     0 5101 3372 17  5 78  0  0  0
 1  0      0 757876  16720 448528    0    0     0     0 5070 3533 16  5 78  0  1  0
 1  0      0 757876  16720 448528    0    0     0     0 4895 3271 17  5 79  0  0  0
 0  0      0 757876  16720 448528    0    0     0     0 4743 3240 17  6 77  0  0  0
 1  0      0 757684  16720 448528    0    0     0     0 4951 3140 17  4 78  0  0  0
 1  0      0 757636  16720 448528    0    0     0     0 5491 3391 17  4 78  0  1  0
 1  0      0 757636  16728 448520    0    0     0    28 4969 3223 37  5 59  0  0  0
 0  0      0 757636  16728 448528    0    0     0     0 2246 1431  7  1 92  0  0  0
 0  0      0 757636  16728 448528    0    0     0     0  147  118  0  1 100  0  0  0
 0  0      0 757636  16728 448528    0    0     0     0  121  106  0  0 100  0  0  0
 0  0      0 757636  16728 448528    0    0     0     0  149  128  1  0 100  0  0  0
 0  0      0 757636  16728 448528    0    0     0     0  132  116  0  0 100  0  0  0
