procs -----------memory---------- ---swap-- -----io---- -system-- -------cpu-------
 r  b   swpd   free   buff  cache   si   so    bi    bo   in   cs us sy id wa st gu
 8  0      0 391352   3344 288988    0    0   309   425 1784    6  5  3 91  1  0  0
 4  0      0 391352   3344 288988    0    0     0     0 11345 8691 38 22 32  0  8  0
 1  0      0 391352   3344 288988    0    0     0     0 9011 6429 31 16 38  0 15  0
 4  0      0 391352   3344 288988    0    0     0     0 10481 7910 38 21 30  0 11  0
 5  0      0 391352   3344 288988    0    0     0     0 11847 9220 41 21 32  0  7  0
 2  0      0 391352   3344 288988    0    0     0     0 12209 9241 35 19 44  0  2  0
 3  0      0 391352   3344 288988    0    0     0     0 12471 9768 39 20 37  0  4  0
 0  0      0 391352   3344 288988    0    0     0     0 13276 10551 35 21 43  0  2  0
 1  0      0 391352   3344 288988    0    0     0     0 13176 10630 36 19 43  0  1  0
 8  0      0 391352   3344 288988    0    0     0     0 12802 10085 33 20 45  0  2  0
 3  0      0 391352   3344 288988    0    0     0     0 13502 10712 34 19 46  0  1  0
 2  0      0 391352   3344 288988    0    0     0     0 13419 10775 32 20 47  0  1  0
 1  0      0 391352   3344 288988    0    0     0     0 12748 10153 37 21 40  0  2  0
 7  0      0 391352   3344 288988    0    0     0     0 13130 10422 35 21 42  0  2  0
 0  0      0 391352   3344 288988    0    0     0     0 13227 10595 35 18 46  0  1  0
 6  0      0 391352   3344 288988    0    0     0     0 13320 10674 37 20 42  0  1  0
 6  0      0 391352   3344 288988    0    0     0     0 13160 10396 37 21 40  0  2  0
 3  0      0 391352   3344 288988    0    0     0     0 13052 10307 39 21 38  0  2  0
 5  0      0 391352   3344 288988    0    0     0     0 12991 10246 38 22 38  0  2  0
 3  0      0 391352   3344 288988    0    0     0     0 12038 9443 40 23 33  0  5  0
 1  0      0 391352   3344 288988    0    0     0     0 12801 10063 38 21 39  0  3  0
 0  0      0 391352   3344 288988    0    0     0     0 13508 10744 32 19 48  0  1  0
 2  0      0 391352   3344 288988    0    0     0     0 13205 10596 34 20 45  0  1  0
 3  0      0 391352   3344 288988    0    0     0     0 13177 10486 36 20 43  0  2  0
 4  0      0 391352   3344 288988    0    0     0     0 13153 10471 34 21 44  0  2  0
 0  0      0 391352   3344 288988    0    0     0     0 12814 10085 37 21 41  0  2  0
 0  0      0 391352   3344 288988    0    0     0     0 4527 3408 14  8 77  0  2  0
 0  0      0 391352   3344 288988    0    0     0     0 3069 2269  8  5 86  0  0  0
 0  0      0 391352   3344 288988    0    0     0     0 3073 2251  9  4 86  0  1  0
 0  0      0 391352   3352 288988    0    0     0    44 2912 2107  8  5 87  0  1  0
 0  1      0 391352   3352 288988    0    0     0    44 2945 2119  8  5 88  0  0  0
 0  0      0 391352   3352 288988    0    0     0  2084 2728 1845  6  4 89  1  1  0
 0  0      0 391352   3352 288988    0    0     0     0 2721 1895  7  4 89  0  1  0
 0  0      0 391352   3352 288988    0    0     0     0 2818 1967  7  4 88  0  0  0
 1  0      0 391352   3352 288988    0    0     0     0 2816 1935  7  5 89  0  0  0
 3  0      0 391352   3352 288988    0    0     0     0 2587 1754  6  4 90  0  0  0
 0  0      0 391352   3352 288988    0    0     0     0 2706 1792  6  5 89  0  0  0
 1  0      0 391352   3352 288988    0    0     0     0 2755 1921  7  4 89  0  1  0
 2  0      0 391352   3352 288988    0    0     0     0 3209 2432  7  4 89  0  0  0
 0  0      0 391352   3352 288988    0    0     0     0 3339 2519  8  5 87  0  0  0
 2  0      0 391352   3352 288988    0    0     0     0 3371 2567  8  5 86  0  0  0
 2  0      0 391352   3352 288988    0    0     0     0 3235 2417  8  5 87  0  0  0
 0  0      0 391352   3352 288988    0    0     0     0 3198 2377  8  5 87  0  1  0
 0  0      0 391352   3352 288988    0    0     0     0 3198 2429  7  6 87  0  0  0
 0  0      0 391352   3352 288988    0    0     0     0 3401 2604  8  4 87  0  0  0
 1  0      0 391352   3352 288988    0    0     0     0 3312 2611  7  5 88  0  0  0
 4  0      0 391352   3352 288988    0    0     0     0 3295 2515  7  5 87  0  1  0
 0  0      0 391352   3352 288988    0    0     0     0 3175 2380  9  5 87  0  0  0
 1  0      0 391352   3352 288988    0    0     0     0 3262 2503  7  4 88  0  0  0
 0  0      0 391352   3352 288988    0    0     0     0 3408 2681  8  4 88  0  0  0
 3  0      0 391352   3352 288988    0    0     0     0 3300 2531  8  4 88  0  0  0
 2  0      0 391352   3352 288988    0    0     0     0 3022 2240  7  4 89  0  0  0
 1  0      0 391352   3352 288988    0    0     0     0 3288 2525  8  5 88  0  0  0
 0  0      0 391352   3352 288988    0    0     0     0 3345 2563  7  5 88  0  1  0
 1  0      0 391352   3352 288988    0    0     0     0 3227 2424  8  6 86  0  0  0
 4  0      0 391352   3352 288988    0    0     0     0 3300 2538  8  5 86  0  0  0
 1  0      0 391352   3352 288988    0    0     0     0 3235 2415  7  5 88  0  0  0
 4  0      0 391352   3352 288980    0    0     0     0 3399 2695  8  6 86  0  1  0
 3  0      0 391352   3352 288980    0    0     0     0 3268 2445  9  6 85  0  0  0
 0  0      0 391352   3376 288980    0    0     0  2340 3110 2332  9  5 85  1  1  0
 0  0      0 391352   3376 288980    0    0     0    28 2495 1865  8  4 88  0  1  0
 0  0      0 391352   3376 288980    0    0     0     0   67   50  0  0 100  0  0  0
 0  0      0 391352   3376 288980    0    0     0     0   40   34  0  0 100  0  0  0
 0  0      0 391352   3376 288980    0    0     0     0   72   68  0  0 100  0  0  0
 0  0      0 391352   3376 288980    0    0     0     0   30   21  0  0 100  0  0  0
