procs -----------memory---------- ---swap-- -----io---- -system-- -------cpu-------
 r  b   swpd   free   buff  cache   si   so    bi    bo   in   cs us sy id wa st gu
 1  0      0 409928   3036 288096    0    0   373   502 1644    6  5  3 90  1  0  0
 0  0      0 409876   3036 288104    0    0     0     4 2143  706  3  2 94  0  1  0
 0  0      0 409876   3036 288104    0    0     0     0 2167  702  4  2 94  0  1  0
 0  0      0 409876   3036 288104    0    0     0     0 2166  722  3  2 95  0  1  0
 0  0      0 409876   3044 288096    0    0     0    52 2265  744  3  2 95  1  0  0
 0  0      0 409876   3048 288104    0    0     4  1900 2253  776  2  2 96  1  0  0
 0  0      0 409876   3048 288104    0    0     0     0 2302  781  3  2 95  0  1  0
 0  0      0 409876   3048 288104    0    0     0     0 2246  742  2  2 95  0  1  0
 0  0      0 409876   3048 288104    0    0     0     0 2235  759  3  2 95  0  0  0
 0  0      0 409876   3048 288104    0    0     0     0 2203  740  3  2 95  0  1  0
 0  0      0 409876   3048 288104    0    0     0     0 2234  806  3  2 95  0  1  0
 0  0      0 409876   3048 288104    0    0     0     0 2227  796  4  3 93  0  0  0
 0  0      0 409876   3048 288104    0    0     0     0 2203  791  3  2 94  0  1  0
 0  0      0 409876   3048 288104    0    0     0     0 2176  796  3  3 94  0  1  0
 0  0      0 410964   3048 288104    0    0     0     0 2189  883  3  2 94  0  1  0
 0  0      0 411004   3048 288096    0    0     0   424 2299  825  3  4 93  1  1  0
 0  0      0 411004   3048 288096    0    0     0     0 2065  738  3  2 96  0  0  0
 0  0      0 411004   3048 288096    0    0     0     0  595  215  1  1 98  0  0  0
 0  0      0 411004   3048 288096    0    0     0     0  604  230  1  0 99  0  1  0
 0  0      0 411004   3048 288096    0    0     0     0  565  202  1  1 99  0  0  0
 0  0      0 411004   3048 288096    0    0     0     0  622  252  1  0 99  0  0  0
 0  0      0 411004   3048 288096    0    0     0     0  536  204  1  1 99  0  0  0
 0  0      0 411004   3048 288096    0    0     0     0  609  231  1  1 99  0  0  0
 0  0      0 411004   3048 288096    0    0     0     0  572  225  0  0 100  0  0  0
 0  0      0 411004   3048 288096    0    0     0     0  610  228  1  1 98  0  0  0
 0  0      0 411004   3048 288096    0    0     0     0  637  241  1  0 99  0  0  0
 0  0      0 411004   3048 288096    0    0     0     0  621  237  1  1 98  0  1  0
 0  0      0 411004   3048 288096    0    0     0     4  679  251  1  0 99  0  0  0
 0  0      0 411004   3048 288096    0    0     0     0  616  237  1  1 98  0  0  0
 0  0      0 411004   3048 288096    0    0     0     0  650  248  1  0 99  0  0  0
 0  0      0 411004   3048 288096    0    0     0     0  624  245  1  1 98  0  0  0
 0  0      0 411004   3048 288096    0    0     0     0  622  219  1  1 98  0  0  0
 0  0      0 411004   3048 288096    0    0     0     0  598  230  1  1 98  0  0  0
 1  0      0 411004   3048 288096    0    0     0     0  698  291  1  1 98  0  1  0
 0  0      0 411004   3048 288096    0    0     0     0  611  229  1  1 98  0  0  0
 0  0      0 411004   3056 288088    0    0     0    40  604  245  1  1 98  0  0  0
 0  0      0 411004   3056 288096    0    0     0     0  532  211  1  1 99  0  0  0
 0  0      0 411004   3056 288096    0    0     0    48  583  237  1  0 99  0  0  0
 0  0      0 411004   3056 288096    0    0     0     0  615  258  1  1 98  0  0  0
 0  0      0 411004   3056 288096    0    0     0     0  618  245  1  1 99  0  0  0
 0  0      0 411004   3056 288096    0    0     0     0  629  258  1  1 98  0  0  0
 0  0      0 411004   3056 288096    0    0     0     0  572  222  1  0 98  0  0  0
 0  0      0 411004   3056 288096    0    0     0     0  600  240  1  1 98  0  0  0
 0  0      0 411004   3056 288096    0    0     0     0  595  241  1  1 99  0  0  0
 0  0      0 411004   3056 288096    0    0     0     4  651  279  1  1 99  0  0  0
 0  0      0 411004   3056 288096    0    0     0     0  590  244  1  1 98  0  0  0
 0  0      0 411004   3056 288096    0    0     0  1544  891  375  1  1 97  1  0  0
 0  0      0 411004   3056 288096    0    0     0     0 1009  381  2  1 97  0  0  0
 0  0      0 411004   3056 288096    0    0     0     0  672  305  1  0 99  0  0  0
 0  0      0 411004   3056 288096    0    0     0     4  621  245  1  1 98  0  0  0
 0  0      0 411004   3056 288096    0    0     0     0  432  178  1  0 99  0  0  0
 0  0      0 411004   3056 288096    0    0     0     0  401  159  1  1 99  0  0  0
 0  0      0 411004   3056 288096    0    0     0     0  583  242  1  1 99  0  0  0
 0  0      0 411004   3056 288096    0    0     0     0  697  375  1  1 98  0  0  0
 0  0      0 411004   3056 288096    0    0     0     0  607  241  1  0 99  0  0  0
 0  0      0 411004   3056 288096    0    0     0     0  632  248  1  1 98  0  0  0
 0  0      0 411004   3056 288096    0    0     0     0  611  228  2  1 98  0  0  0
 0  0      0 411004   3056 288096    0    0     0     0  601  224  1  0 98  0  1  0
 0  0      0 411004   3056 288096    0    0     0     0  633  261  1  1 98  0  0  0
 0  0      0 411004   3056 288096    0    0     0     0  659  242  1  1 98  0  0  0
 0  0      0 411004   3056 288096    0    0     0     0  391  222  1  1 99  0  0  0
 0  0      0 411004   3056 288096    0    0     0     0   29   20  0  0 100  0  0  0
 0  0      0 411004   3056 288096    0    0     0     0   49   36  0  0 100  0  0  0
 0  0      0 411004   3056 288096    0    0     0     0   49   35  0  0 100  0  0  0
 0  0      0 411004   3056 288096    0    0     0     0   48   30  0  0 100  0  0  0
