procs -----------memory---------- ---swap-- -----io---- -system-- -------cpu-------
 r  b   swpd   free   buff  cache   si   so    bi    bo   in   cs us sy id wa st gu
 1  0      0 776388  16572 442344    0    0   284   508 2045    8 23  3 73  1  0  0
17  0      0 775604  16572 442344    0    0     0     0 3954 3335 28  8 65  0  0  0
21  0      0 775460  16572 442344    0    0     0     0 10769 9370 82 18  0  0  0  0
25  0      0 775268  16572 442344    0    0     0     0 11622 10032 81 19  0  0  0  0
21  0      0 775236  16572 442344    0    0     0     0 11672 10304 80 19  0  0  0  0
20  0      0 775236  16572 442344    0    0     0     0 11780 10911 80 20  0  0  0  0
19  0      0 775236  16572 442344    0    0     0     0 11704 11066 80 20  0  0  0  0
20  0      0 775236  16572 442344    0    0     0     0 11174 9641 83 17  0  0  0  0
19  0      0 775236  16572 442344    0    0     0     0 11180 10266 82 19  0  0  0  0
 5  0      0 775172  16572 442344    0    0     0    16 14224 13289 80 20  0  0  0  0
14  0      0 775172  16572 442344    0    0     0     0 12516 12418 77 22  1  0  0  0
21  0      0 775172  16580 442336    0    0     0    36 12089 11362 78 22  0  0  0  0
23  0      0 775172  16580 442344    0    0     0     0 11720 11261 81 20  0  0  0  0
18  0      0 775172  16580 442344    0    0     0     0 12840 12197 81 18  0  0  0  0
14  0      0 775172  16580 442344    0    0     0     0 13744 13973 80 20  0  0  0  0
16  0      0 775172  16580 442344    0    0     0     0 12594 12310 78 23  0  0  0  0
23  0      0 775172  16580 442344    0    0     0  1992 11679 10794 80 20  1  0  0  0
17  0      0 775172  16580 442344    0    0     0     0 12808 11680 80 20  0  0  0  0
19  0      0 775172  16580 442344    0    0     0     0 13719 15203 79 21  0  0  0  0
21  0      0 775172  16580 442344    0    0     0     0 12554 12466 77 23  0  0  0  0
18  0      0 775172  16580 442344    0    0     0     0 11642 10662 80 20  0  0  0  0
18  0      0 775172  16580 442344    0    0     0     0 11347 10513 81 19  0  0  0  0
18  0      0 775172  16580 442344    0    0     0     0 11866 11500 79 21  0  0  0  0
18  0      0 775172  16580 442344    0    0     0     0 12596 12616 79 21  0  0  0  0
18  0      0 774932  16580 442344    0    0     0     0 11860 11443 78 21  0  0  0  0
25  0      0 774932  16580 442344    0    0     0     0 11547 10526 80 21  0  0  0  0
23  0      0 774932  16580 442344    0    0     0     0 11506 10766 83 18  0  0  0  0
19  0      0 774932  16580 442344    0    0     0     0 12559 11940 78 22  1  0  0  0
19  0      0 774932  16580 442344    0    0     0     0 12122 11452 81 19  0  0  0  0
20  0      0 774740  16580 442344    0    0     0     0 11694 11096 80 21  0  0  0  0
11  0      0 774692  16580 442344    0    0     0     0 3246 5434 82 18  0  0  0  0
22  0      0 774692  16580 442344    0    0     0     0 2338 10317 80 18  2  0  0  0
18  0      0 774692  16580 442348    0    0     0     0 2794 2303 67 33  0  0  0  0
18  0      0 774692  16584 443184    0    0   848     0 2763 6312 70 30  0  0  0  0
20  0      0 774692  16596 443392    0    0   276     0 2730 2184 76 24  0  0  0  0
15  0      0 774692  16608 443604    0    0   240     0 2594 3603 76 24  0  0  0  0
15  0      0 774692  16612 444076    0    0   428     0 2728 4861 73 27  0  0  0  0
21  0      0 774692  16628 444508    0    0   424     0 2764 2336 80 20  0  0  0  0
19  0      0 774692  16636 444776    0    0   308     0 2186 9317 79 19  2  0  0  0
18  0      0 774692  16636 445144    0    0   424    16 2141 7487 86 14  0  0  0  0
21  0      0 774440  16644 445980    0    0   820     0 2154 7632 82 18  0  0  0  0
15  1      0 773936  16660 446476    0    0   516     0 2267 9393 82 18  0  0  0  0
19  0      0 772172  16664 446752    0    0   220     4 2682 4192 76 24  0  0  0  0
18  0      0 771416  16684 447300    0    0   604     0 2856 2372 78 22  0  0  0  0
24  0      0 769148  16684 447832    0    0   508     0 2720 8648 71 29  0  0  0  0
26  0      0 768140  16688 447884    0    0    40     0 2614 3589 76 24  0  0  0  0
17  0      0 767384  16688 447892    0    0     0     0 2589 7397 78 22  0  0  0  0
17  0      0 775016  16700 448364    0    0   472    88 2659 8839 73 25  2  0  0  0
28  0      0 774968  16704 448360    0    0     4     0 2010 15155 82 18  0  0  0  0
15  0      0 776732  16704 448364    0    0     0     8 2027 20572 75 25  0  0  0  0
15  0      0 776768  16704 448356    0    0     0     4 2150 9668 80 20  0  0  0  0
17  0      0 776768  16704 448356    0    0     0     0 2716 5054 80 20  0  0  0  0
18  0      0 778112  16704 448356    0    0     0     0 3151 2834 76 24  0  0  0  0
24  0      0 778144  16704 448356    0    0     0     0 3236 2952 77 21  2  0  0  0
21  0      0 778144  16704 448356    0    0     0     0 3185 3085 76 24  0  0  0  0
20  0      0 774616  16704 448356    0    0     0     0 2679 2342 73 27  0  0  0  0
14  0      0 768316  16704 448356    0    0     0     0 2994 2609 69 31  0  0  0  0
17  0      0 768316  16704 448356    0    0     0     0 3110 2632 76 24  0  0  0  0
17  0      0 768316  16704 448356    0    0     0     0 3139 2471 78 22  0  0  0  0
19  0      0 768064  16704 448356    0    0     0     0 2824 2826 76 24  0  0  0  0
18  0      0 768064  16704 448356    0    0     0     0 3251 2603 75 25  0  0  0  0
 0  0      0 768064  16704 448356    0    0     0     0  488  440  4  1 95  0  0  0
 0  0      0 768064  16704 448356    0    0     0     0  128  114  0  0 100  0  0  0
 0  0      0 768064  16704 448356    0    0     0     0  128  109  0  0 100  0  1  0
 0  0      0 768064  16704 448356    0    0     0  1904  159  129  0  0 99  1  0  0
