procs -----------memory---------- ---swap-- -----io---- -system-- -------cpu-------
 r  b   swpd   free   buff  cache   si   so    bi    bo   in   cs us sy id wa st gu
 2  0      0 818968  16380 432604    0    0   309   558 2004    8 22  3 74  1  0  0
 3  0      0 817204  16380 432664    0    0     0     0 4089 1972 76  5 19  0  0  0
 1  0      0 809392  16380 432664    0    0     0     0 4121 1901 77  5 18  0  0  0
 2  0      0 805612  16388 432664    0    0     0    60 4050 1980 78  4 19  0  0  0
 2  0      0 805420  16388 432664    0    0     0     0 4114 2048 76  5 19  0  0  0
 2  0      0 815704  16388 432664    0    0     0  1680 4164 2027 76  4 19  1  0  0
 2  0      0 815452  16388 432676    0    0    12     0 4125 1996 76  3 21  1  0  0
 3  0      0 815452  16388 432676    0    0     0     0 4195 2014 76  4 21  0  0  0
 2  0      0 815452  16388 432676    0    0     0     0 4122 2003 76  3 21  0  0  0
 1  0      0 814192  16388 432676    0    0     0     0 4152 2137 75  4 21  0  0  0
 1  0      0 814192  16388 432676    0    0     0   244 4298 2112 74  3 23  1  0  0
 1  0      0 813436  16388 432676    0    0     0     0 4301 1973 74  5 21  0  1  0
 1  0      0 813436  16388 432676    0    0     0     0 4346 2014 73  4 23  0  0  0
 2  0      0 813436  16388 432676    0    0     0     0 4241 2275 74  4 22  0  0  0
 3  0      0 813240  16388 432676    0    0     0     0 4014 2185 80  4 17  0  0  0
 1  0      0 813240  16388 432676    0    0     0     0 4379 2123 72  4 25  0  0  0
 3  0      0 812988  16388 432676    0    0     0     0 4391 2222 72  4 24  0  0  0
10  0      0 812988  16388 432676    0    0     0     0 1306  706 54  5 41  0  0  0
 1  0      0 812544  16388 432676    0    0     0     0 1143  671 53  4 43  0  0  0
14  0      0 811992  16388 432676    0    0     0     0 1152  572 49  4 47  0  0  0
 1  0      0 810480  16388 432676    0    0     0     0 1101  624 69  8 23  0  0  0
 2  0      0 810480  16388 432676    0    0     0     0 1019  619 77  4 19  0  0  0
 2  0      0 810240  16388 432676    0    0     0     0 1112  665 53  6 41  0  0  0
 3  0      0 810240  16388 432676    0    0     0     0 1111  654 54  3 43  0  0  0
 3  0      0 810240  16388 432676    0    0     0     0 1138  676 42  3 55  0  0  0
 3  0      0 810240  16388 432676    0    0     0     0 1200  648 47  4 49  0  0  0
 2  0      0 810240  16388 432676    0    0     0     0 1117  696 54  3 43  0  0  0
 1  0      0 810240  16388 432676    0    0     0     0 1263  763 45  4 51  0  0  0
 3  0      0 810240  16388 432676    0    0     0     0 1140  666 51  6 43  0  0  0
 3  0      0 810240  16388 432676    0    0     0     0 1155  646 40  3 56  0  0  0
 2  0      0 810240  16388 432676    0    0     0     0 1154  670 34  3 64  0  0  0
 3  0      0 810240  16388 432676    0    0     0     0 1150  669 52  6 42  0  0  0
 1  0      0 810240  16388 432676    0    0     0     0 1190  669 48  3 49  0  0  0
 1  0      0 809484  16396 432668    0    0     0    28 1169  681 71  8 20  0  0  0
 1  0      0 809484  16396 432676    0    0     0    60 1129  652 40  5 56  0  0  0
 1  0      0 809484  16396 432676    0    0     0     0 1182  654 42  3 55  0  0  0
 3  0      0 809484  16396 432676    0    0     0     0 1117  622 41  5 55  0  0  0
 5  0      0 809484  16396 432676    0    0     0     0 1200  621 41  2 56  0  0  0
 1  0      0 809484  16396 432676    0    0     0     0 1149  631 41  2 56  0  0  0
 1  0      0 807216  16396 432676    0    0     0     0 1175  716 40  5 55  0  0  0
 1  0      0 807216  16396 432676    0    0     0     0 1175  669 52  6 42  0  0  0
 3  0      0 807216  16396 432676    0    0     0     0 1155  739 42  3 55  0  0  0
 1  0      0 807216  16396 432676    0    0     0     0 1164  741 52  6 42  0  0  0
 6  0      0 807216  16396 432676    0    0     0     0 1252  674 40  2 58  0  0  0
 1  0      0 807216  16396 432676    0    0     0     0 1131  681 39  5 57  0  0  0
 3  0      0 807216  16396 432692    0    0    16     0 1113  716 34  3 62  1  0  0
 2  0      0 806976  16396 432692    0    0     0     0 1298  767 35  3 62  0  0  0
 0  0      0 806976  16396 432692    0    0     0     0 1927 1167 20  3 76  0  1  0
 1  0      0 806976  16396 432692    0    0     0     0 1418  847 36  4 60  0  0  0
 5  0      0 806976  16396 432692    0    0     0     0 1163  653 49  4 46  0  0  0
 4  0      0 806976  16396 432692    0    0     0     0 1013  653 63  3 34  0  0  0
 3  0      0 806976  16396 432692    0    0     0     0  784  536 92  6  2  0  0  0
 4  0      0 806976  16396 432692    0    0     0     0 1062  700 61  4 35  0  0  0
 1  0      0 806976  16396 432692    0    0     0     0 1154  732 52  6 42  0  0  0
 5  0      0 806976  16396 432692    0    0     0     0 1212  791 52  4 43  0  0  0
 3  0      0 806976  16396 432692    0    0     0     0 1144  604 50  3 47  0  0  0
 2  0      0 806976  16396 432692    0    0     0     0 1169  686 49  6 46  0  0  0
 3  0      0 806976  16396 432692    0    0     0     0 1134  715 40  3 56  0  0  0
 1  0      0 806736  16396 432692    0    0     0     0 1148  727 42  3 55  0  0  0
 1  0      0 806736  16396 432692    0    0     0     0 1229  659 39  1 60  0  0  0
 1  0      0 806736  16396 432692    0    0     0     0  912  422 36  2 62  0  0  0
 0  0      0 806736  16396 432692    0    0     0     0  212  115  5  0 95  0  0  0
 0  0      0 806736  16396 432692    0    0     0     0  122  112  0  0 100  0  0  0
 0  0      0 806736  16396 432692    0    0     0     0  160  148  0  0 100  0  0  0
 0  0      0 806736  16396 432692    0    0     0     0  133  108  1  0 100  0  0  0
