procs -----------memory---------- ---swap-- -----io---- -system-- -------cpu-------
 r  b   swpd   free   buff  cache   si   so    bi    bo   in   cs us sy id wa st gu
 2  0      0 765608  16524 442344    0    0   299   531 1965    7 22  3 74  1  0  0
 8  0      0 765608  16524 442344    0    0     0     0 7553 5467 61 11 28  0  0  0
10  0      0 768120  16524 442344    0    0     0     0 10313 7337 83 17  1  0  0  0
 2  0      0 767964  16524 442344    0    0     0     0 9601 6632 85 15  0  0  0  0
12  0      0 767900  16524 442344    0    0     0     0 9721 6979 84 16  0  0  0  0
11  0      0 767900  16524 442344    0    0     0     0 10874 7979 83 17  1  0  0  0
 6  0      0 767704  16524 442344    0    0     0     0 9764 6775 84 15  1  0  0  0
 8  0      0 767512  16524 442344    0    0     0     0 9624 6817 85 15  0  0  0  0
 8  0      0 767364  16524 442344    0    0     0     0 10817 8103 83 16  2  0  0  0
11  0      0 767600  16524 442344    0    0     0     0 10010 7261 86 14  0  0  0  0
11  0      0 767696  16524 442344    0    0     0     0 9838 7073 85 15  0  0  0  0
 9  0      0 767724  16524 442344    0    0     0     0 10093 8178 82 15  2  0  1  0
11  0      0 767784  16524 442344    0    0     0  1876 10190 7945 83 17  1  0  0  0
11  0      0 767784  16524 442344    0    0     0     0 9529 7218 84 16  0  0  0  0
11  0      0 767976  16524 442344    0    0     0     0 10879 8303 80 19  1  0  0  0
12  0      0 767912  16524 442344    0    0     0     0 11518 9025 80 20  1  0  0  0
13  0      0 767912  16524 442344    0    0     0     0 11450 8221 85 15  0  0  0  0
 9  0      0 767912  16524 442344    0    0     0     0 10857 8356 83 17  0  0  0  0
 7  0      0 769308  16524 442344    0    0     0     0 11759 9109 81 18  1  0  0  0
10  0      0 769308  16524 442344    0    0     0     0 10585 7937 84 16  0  0  0  0
10  0      0 769308  16524 442344    0    0     0     0 10667 8184 83 16  0  0  0  0
 8  0      0 769308  16524 442344    0    0     0     0 11754 8953 82 18  1  0  0  0
 3  0      0 769560  16532 442336    0    0     0    64 11975 9137 83 17  0  0  0  0
11  0      0 769624  16532 442344    0    0     0     0 16080 12706 82 18  0  0  0  0
 8  0      0 769624  16532 442344    0    0     0     0 11471 8858 84 15  0  0  0  0
10  0      0 769624  16532 442344    0    0     0     0 10941 8323 84 16  1  0  0  0
11  0      0 769624  16532 442344    0    0     0     0 12373 9906 80 20  1  0  0  0
14  0      0 769624  16532 442344    0    0     0     0 9483 7814 81 18  1  0  1  0
 9  0      0 769656  16532 442344    0    0     0     0 2453 1905 82 18  0  0  0  0
 2  0      0 769156  16532 442344    0    0     0     0 2132 1652 61 12 28  0  0  0
12  0      0 769156  16532 442344    0    0     0     4 2363 1896 82 16  2  0  0  0
 9  0      0 770056  16532 442344    0    0     0     0 2750 2194 80 18  2  0  0  0
11  0      0 770056  16532 442344    0    0     0     0 2668 2240 78 22  0  0  0  0
13  0      0 770056  16532 442344    0    0     0     0 2587 2072 76 24  0  0  0  0
10  0      0 770056  16532 442344    0    0     0     0 2365 2012 80 18  2  0  0  0
12  0      0 770056  16532 442344    0    0     0     0 3031 2480 78 22  0  0  0  0
11  0      0 770056  16532 442344    0    0     0     0 2948 2332 80 18  2  0  0  0
 8  0      0 770056  16532 442344    0    0     0     0 2410 1832 84 16  0  0  0  0
16  0      0 769816  16532 442344    0    0     0     0 2303 1506 82 18  0  0  0  0
10  0      0 769816  16532 442344    0    0     0     0 2029 1563 86 12  2  0  0  0
 9  0      0 769876  16532 442344    0    0     0     0 2645 2124 80 20  0  0  0  0
 6  0      0 769636  16532 442344    0    0     0     0 2914 2431 76 24  0  0  0  0
 8  0      0 769636  16532 442344    0    0     0     0 3300 2785 80 20  0  0  0  0
 8  0      0 769636  16532 442344    0    0     0     0 3027 2481 71 27  2  0  0  0
 8  0      0 769636  16532 442344    0    0     0     0 2895 2365 76 24  0  0  0  0
 7  0      0 769888  16532 442344    0    0     0     0 2830 2445 76 24  0  0  0  0
 8  0      0 769888  16532 442344    0    0     0     0 2520 1910 82 18  0  0  0  0
 2  0      0 769920  16532 442344    0    0     0     0 1999 1325 90  8  2  0  0  0
 7  0      0 769920  16532 442344    0    0     0     0 2229 1793 80 20  0  0  0  0
 8  0      0 769920  16532 442344    0    0     0     0 2711 2236 82 18  0  0  0  0
 7  0      0 769920  16532 442344    0    0     0     0 3106 2654 55 16 29  0  0  0
 9  0      0 769668  16532 442344    0    0     0     0 3261 2915 74 26  0  0  0  0
10  0      0 769668  16548 442328    0    0     0    88 3080 2701 76 22  2  0  0  0
 9  0      0 769428  16548 442344    0    0     0     0 3136 2748 75 24  2  0  0  0
13  0      0 769428  16548 442344    0    0     0     0 2018 1432 84 16  0  0  0  0
13  0      0 770604  16564 442344    0    0     0    44 2242 1876 83 15  2  0  0  0
15  0      0 770636  16564 442336    0    0     0     0 1950 1511 88 12  0  0  0  0
11  0      0 770636  16564 442336    0    0     0     0 3029 2666 78 20  2  0  0  0
 6  0      0 770764  16564 442336    0    0     0     0 3076 2687 74 26  0  0  0  0
 9  0      0 770896  16564 442336    0    0     0     0 2984 2412 74 24  2  0  0  0
 0  0      0 771088  16564 442336    0    0     0     0 2929 2387 38 10 52  0  0  0
 0  0      0 771148  16564 442336    0    0     0     0  157  141  0  1 99  0  0  0
 0  0      0 771148  16564 442336    0    0     0     0  182  166  0  0 100  0  0  0
 0  0      0 771148  16564 442336    0    0     0     0  170  149  0  0 99  0  0  0
 0  0      0 771148  16564 442336    0    0     0     0  172  153  0  0 100  0  0  0
