procs -----------memory---------- ---swap-- -----io---- -system-- -------cpu-------
 r  b   swpd   free   buff  cache   si   so    bi    bo   in   cs us sy id wa st gu
 3  0      0 849048  12112 317952    0    0   257   449 2260    9 23  4 72  1  0  0
16  0      0 849048  12112 317956    0    0     0     4 11339 12419 73 24  3  0  0  0
12  0      0 849224  12112 317956    0    0     0     0 12296 14277 76 24  0  0  0  0
21  0      0 849728  12112 317956    0    0     0     0 12446 13889 76 24  1  0  0  0
17  0      0 849696  12112 317956    0    0     0     0 12571 13820 77 23  0  0  0  0
10  0      0 849800  12112 317956    0    0     0     0 12431 13886 76 23  0  0  0  0
14  0      0 851956  12112 317956    0    0     0     0 12507 13971 77 23  1  0  0  0
13  0      0 852104  12112 317956    0    0     0     0 12391 14072 77 23  0  0  0  0
16  0      0 851680  12112 317956    0    0     0    16 12390 13574 75 25  1  0  0  0
13  0      0 851592  12112 317956    0    0     0     0 13204 15723 78 22  0  0  0  0
11  0      0 852048  12112 317956    0    0     0     0 12586 14040 79 21  0  0  0  0
19  0      0 851932  12112 317956    0    0     0     0 12607 14317 76 24  1  0  0  0
17  0      0 852096  12112 317956    0    0     0     0 12445 15090 76 25  0  0  0  0
13  0      0 852688  12112 317956    0    0     0     0 12592 14190 75 24  1  0  0  0
13  0      0 852688  12112 317956    0    0     0     0 12613 13933 78 22  0  0  0  0
20  0      0 852436  12112 317956    0    0     0     0 12648 14151 77 23  0  0  0  0
16  0      0 853232  12112 317956    0    0     0     0 12651 14314 76 24  1  0  0  0
12  0      0 852948  12112 317956    0    0     0     0 12136 13590 77 23  1  0  0  0
 0  0      0 855384  12120 317948    0    0     0    52 5673 6441 35 11 55  0  0  0
 0  0      0 855324  12120 317952    0    0     0     0 2315 2227 14  4 83  0  0  0
 0  0      0 855720  12120 317952    0    0     0     0 2411 2337 13  4 83  0  0  0
 0  0      0 855932  12120 317952    0    0     0     0 2458 2477 15  4 82  0  0  0
 0  0      0 856084  12120 317952    0    0     0     0 2420 2328 14  5 82  0  1  0
 0  0      0 856228  12120 317952    0    0     0     0 2422 2323 13  5 82  0  0  0
 0  0      0 860680  12120 317944    0    0     0     0 2482 2491 15  5 80  0  0  0
 0  0      0 860696  12120 317944    0    0     0     0 2278 2205 13  4 83  0  0  0
 0  0      0 860444  12120 317944    0    0     0     0 2467 2494 14  5 82  0  0  0
 0  0      0 861536  12120 317944    0    0     0  1888 2445 2428 14  5 81  0  0  0
 2  0      0 861592  12120 317944    0    0     0     0 2465 2361 15  4 81  0  0  0
15  0      0 861592  12120 317944    0    0     0     0 2437 2387 14  4 82  0  0  0
10  0      0 861352  12120 317944    0    0     0     0 2466 2453 14  6 81  0  0  0
 8  0      0 861100  12120 317944    0    0     0     0 2350 2280 13  4 83  0  0  0
14  0      0 861432  12120 317944    0    0     0     8 2431 2369 12  6 83  0  0  0
12  0      0 861656  12120 317944    0    0     0     0 2348 2327 14  5 82  0  0  0
16  0      0 861544  12120 317944    0    0     0     0 2386 2296 14  5 82  0  0  0
18  0      0 861352  12120 317944    0    0     0     0 2387 2371 14  4 82  0  0  0
16  0      0 861424  12120 317944    0    0     0     0 2323 2270 14  4 82  0  0  0
17  0      0 861268  12120 317944    0    0     0     0 2406 2304 14  5 82  0  0  0
12  0      0 861076  12120 317944    0    0     0     0 2418 2361 13  5 82  0  0  0
15  0      0 861028  12120 317944    0    0     0    16 2366 2295 15  4 81  0  0  0
14  0      0 861028  12120 317944    0    0     0     0 2320 2260 13  4 82  0  1  0
14  0      0 861028  12120 317944    0    0     0     0 2409 2319 13  5 82  0  0  0
18  0      0 860836  12120 317944    0    0     0     0 2419 2361 17  4 79  0  0  0
10  0      0 860912  12120 317944    0    0     0     0 2407 2307 14  4 82  0  0  0
14  0      0 862104  12120 317944    0    0     0     0 2463 2347 13  5 82  0  0  0
18  0      0 862608  12120 317944    0    0     0     0 2294 2283 14  4 82  0  0  0
15  0      0 862852  12120 317944    0    0     0     0 2234 2203 12  5 84  0  0  0
16  0      0 862932  12120 317944    0    0     0     0 2211 2211 13  4 83  0  0  0
 9  0      0 863436  12120 317944    0    0     0     0 2200 2148 14  4 82  0  0  0
13  0      0 864112  12128 317944    0    0     0    52 2317 2296 14  4 82  0  0  0
12  0      0 863860  12128 317944    0    0     0     0 2300 2265 13  4 83  0  0  0
16  0      0 863860  12128 317944    0    0     0     0 2297 2179 14  4 83  0  0  0
15  0      0 863920  12128 317944    0    0     0     0 2286 2239 13  5 82  0  0  0
14  0      0 864320  12128 317944    0    0     0   300 2273 2205 13  5 83  0  0  0
15  0      0 864328  12128 317944    0    0     0     0 2387 2308 13  5 82  0  0  0
10  0      0 864328  12128 317944    0    0     0     0 2364 2320 14  5 81  0  0  0
18  0      0 864076  12128 317944    0    0     0     0 2400 2352 14  4 82  0  0  0
14  0      0 864076  12128 317944    0    0     0     0 2348 2237 16  4 80  0  0  0
13  0      0 864076  12128 317944    0    0     0     0 2158 2197 13  4 83  0  1  0
21  0      0 864076  12128 317944    0    0     0     0 2387 2239 14  5 81  0  0  0
13  0      0 864076  12128 317944    0    0     0     0 2360 2318 14  4 82  0  0  0
 0  0      0 864076  12128 317944    0    0     0     0  393  358  1  1 99  0  0  0
 0  0      0 864076  12128 317944    0    0     0     0  154  132  0  0 100  0  0  0
 0  0      0 864076  12128 317944    0    0     0     0  121  109  0  0 100  0  0  0
 0  0      0 864076  12128 317944    0    0     0     0  156  122  1  0 99  0  0  0
