procs -----------memory---------- ---swap-- -----io---- -system-- -------cpu-------
 r  b   swpd   free   buff  cache   si   so    bi    bo   in   cs us sy id wa st gu
10  0      0 889104  12080 309180    0    0   264   468 2182    9 23  4 73  1  0  0
10  0      0 888852  12080 309184    0    0     0     0 11975 10725 71 22  8  0  0  0
12  0      0 889684  12080 309184    0    0     0     0 10110 8389 81 16  3  0  0  0
 8  0      0 891716  12080 309184    0    0     0     0 11328 10055 77 20  3  0  0  0
 8  0      0 891500  12080 309184    0    0     0     0 12485 11355 71 24  5  0  0  0
 9  0      0 891056  12080 309184    0    0     0     0 11670 9957 80 19  1  0  0  0
13  0      0 891200  12080 309184    0    0     0     0 12735 11200 75 23  3  0  0  0
 9  0      0 891544  12080 309184    0    0     0     0 12858 11269 78 21  1  0  0  0
 9  0      0 891448  12080 309184    0    0     0     0 12724 11289 75 23  2  0  0  0
 9  0      0 891196  12080 309184    0    0     0     0 12320 10668 80 20  1  0  0  0
11  0      0 891196  12080 309184    0    0     0     0 12866 11144 77 22  1  0  0  0
11  0      0 891196  12080 309184    0    0     0     0 12744 11012 78 21  1  0  1  0
 8  0      0 891196  12080 309184    0    0     0     0 12779 11186 77 21  2  0  0  0
12  0      0 891196  12080 309184    0    0     0     0 12728 11417 73 24  3  0  0  0
 8  0      0 891196  12080 309184    0    0     0     0 12763 10947 78 21  1  0  0  0
 6  0      0 891196  12080 309184    0    0     0     0 12855 11404 78 21  1  0  0  0
 8  0      0 891196  12080 309184    0    0     0     0 12859 11245 78 21  1  0  0  0
 9  0      0 891196  12080 309184    0    0     0     0 12944 11390 77 21  2  0  0  0
 6  0      0 891196  12080 309184    0    0     0    16 12825 11335 76 23  2  0  0  0
 9  0      0 891196  12080 309184    0    0     0     0 12539 10945 73 23  4  0  0  0
 7  0      0 891004  12080 309184    0    0     0     0 12745 11011 74 23  3  0  0  0
 9  0      0 890956  12080 309184    0    0     0     0 12775 10950 77 22  1  0  0  0
10  0      0 891376  12080 309184    0    0     0     0 12765 11048 77 22  1  0  0  0
 8  0      0 891408  12080 309184    0    0     0     0 12670 11035 76 24  1  0  0  0
13  0      0 891408  12080 309184    0    0     0     0 12852 11121 78 22  1  0  0  0
11  0      0 891408  12080 309184    0    0     0     0 12632 10856 77 21  2  0  0  0
12  0      0 891408  12080 309184    0    0     0     0 5784 5129 75 22  2  0  1  0
 9  0      0 891408  12080 309184    0    0     0     0 2931 2734 80 20  0  0  0  0
10  0      0 891156  12080 309184    0    0     0     0 2870 2559 76 22  2  0  0  0
11  0      0 892492  12080 309184    0    0     0     0 2706 2433 80 20  0  0  0  0
14  0      0 892492  12088 309184    0    0     0  1556 2733 2426 80 20  0  0  0  0
10  0      0 891736  12088 309184    0    0     0     0 2403 1904 80 18  2  0  0  0
14  0      0 891736  12088 309184    0    0     0     0 2422 2062 86 14  0  0  0  0
 7  0      0 892172  12088 309184    0    0     0     0 2576 2256 78 22  0  0  0  0
10  0      0 891668  12088 309184    0    0     0     0 2523 2023 78 22  0  0  0  0
11  0      0 891668  12088 309184    0    0     0     0 2320 1937 80 20  0  0  0  0
12  0      0 891668  12088 309184    0    0     0     0 2291 1820 84 16  0  0  0  0
14  0      0 891668  12088 309184    0    0     0     0 2492 2054 84 16  0  0  0  0
 6  0      0 891668  12088 309184    0    0     0     0 2921 2859 76 22  2  0  0  0
12  0      0 891416  12088 309184    0    0     0     0 3083 2819 74 24  2  0  0  0
 9  0      0 891416  12088 309184    0    0     0     0 3127 2869 76 24  0  0  0  0
 8  0      0 891416  12088 309184    0    0     0     0 2959 2667 76 22  2  0  0  0
 8  0      0 892772  12088 309184    0    0     0     0 2936 2715 76 24  0  0  0  0
 9  0      0 892772  12096 309180    0    0     4    24 3009 2881 78 20  2  0  0  0
 7  0      0 892772  12096 309188    0    0     0     0 3116 2823 78 22  0  0  0  0
 6  0      0 892772  12096 309188    0    0     0     0 3197 3002 77 21  2  0  0  0
11  0      0 892772  12096 309188    0    0     0     0 2988 2710 76 24  0  0  0  0
10  0      0 892016  12096 309188    0    0     0     0 2965 2669 76 22  2  0  0  0
11  0      0 891776  12096 309188    0    0     0     0 2917 2625 80 20  0  0  0  0
11  0      0 891860  12096 309188    0    0     0     0 3102 2777 52 19 29  0  0  0
 9  0      0 893924  12096 309188    0    0     0    16 3074 2753 82 18  0  0  0  0
 8  0      0 891908  12096 309188    0    0     0     0 2748 2407 74 25  2  0  0  0
 9  0      0 891908  12096 309188    0    0     0     0 3028 2724 81 19  0  0  0  0
 9  0      0 891656  12096 309188    0    0     0     0 3088 2952 74 24  2  0  0  0
 6  0      0 891776  12096 309188    0    0     0     0 3058 2786 76 22  2  0  0  0
 9  0      0 891528  12096 309188    0    0     0     0 3037 2832 76 24  0  0  0  0
10  0      0 891288  12096 309188    0    0     0     0 3036 2712 72 26  2  0  0  0
 9  0      0 891288  12096 309188    0    0     0     0 3045 2880 74 26  0  0  0  0
10  0      0 891792  12096 309188    0    0     0     0 3147 2906 71 27  2  0  0  0
10  0      0 891792  12096 309188    0    0     0     0 2932 2731 76 20  2  0  2  0
 0  0      0 891792  12096 309188    0    0     0     0 2226 2052 27 11 61  0  0  0
 0  0      0 891792  12096 309188    0    0     0    36  153  129  1  0 100  0  0  0
 0  0      0 891792  12096 309188    0    0     0     0  139  124  0  0 100  0  0  0
 0  0      0 891792  12096 309188    0    0     0     0  132  114  0  0 100  0  0  0
 0  0      0 891792  12096 309188    0    0     0     0  157  133  0  0 100  0  0  0
