procs -----------memory---------- ---swap-- -----io---- -system-- -------cpu-------
 r  b   swpd   free   buff  cache   si   so    bi    bo   in   cs us sy id wa st gu
 1  0      0 386496   3400 289004    0    0   297   410 1881    6  5  3 90  1  0  0
 4  0      0 386368   3400 289012    0    0     0     0 9732 7459 27 16 56  0  2  0
 3  0      0 386368   3400 289012    0    0     0     0 13354 10587 32 19 47  0  1  0
 2  0      0 386368   3400 289012    0    0     0     0 13088 10325 37 21 41  0  2  0
 4  0      0 386368   3400 289012    0    0     0     0 13167 10444 32 20 47  0  1  0
 3  0      0 386368   3400 289012    0    0     0     0 13500 10725 31 19 48  0  1  0
 2  0      0 386368   3400 289012    0    0     0     0 13500 10648 34 18 47  0  1  0
 3  0      0 386368   3400 289012    0    0     0     0 13241 10506 34 20 44  0  2  0
 1  0      0 386368   3400 289012    0    0     0     0 13369 10531 32 20 47  0  1  0
 0  0      0 386368   3400 289012    0    0     0     0 13956 11266 31 19 50  0  1  0
 6  0      0 386368   3400 289012    0    0     0     0 13673 10822 32 20 47  0  1  0
 0  0      0 386368   3400 289012    0    0     0     0 13003 10279 37 20 40  0  3  0
 0  0      0 386368   3400 289012    0    0     0     0 13544 10973 33 18 49  0  1  0
 1  0      0 386368   3400 289012    0    0     0     0 13612 10906 34 18 47  0  1  0
10  0      0 386368   3400 289012    0    0     0     0 13465 10701 33 19 46  0  1  0
 4  0      0 386368   3400 289012    0    0     0     0 12926 10249 35 21 42  0  2  0
 4  0      0 386368   3400 289012    0    0     0     0 13222 10549 35 19 44  0  2  0
 7  0      0 386368   3400 289012    0    0     0     0 12600 9811 32 21 42  0  6  0
12  0      0 386368   3400 289012    0    0     0  2100 7942 6115 34 19 45  0  2  0
 8  0      0 386368   3400 289012    0    0     0     0 2002 1615 14  7 79  0  0  0
10  0      0 386368   3400 289012    0    0     0     0 2003 1622  9  4 86  0  1  0
 0  0      0 386368   3400 289012    0    0     0     0 2164 1760 11  6 83  0  0  0
 2  0      0 386368   3400 289012    0    0     0     0 2201 1750  8  6 86  0  0  0
 1  0      0 386368   3400 289012    0    0     0     4 2097 1687 10  4 85  0  0  0
 5  0      0 387284   3400 289012    0    0     0     0 2213 1747  8  4 88  0  0  0
 0  0      0 389516   3400 289004    0    0     0     0 1991 1689 15  9 74  0  1  0
 0  0      0 389516   3400 289004    0    0     0     0 2240 1774 22 11 67  0  0  0
 0  0      0 389516   3400 289004    0    0     0     0 2158 1744  8  5 87  0  0  0
 2  0      0 389516   3400 289004    0    0     0     0 2170 1753  7  5 88  0  0  0
 2  0      0 389516   3408 289004    0    0     0   528 2238 1836  9  4 88  0  0  0
 3  0      0 389516   3408 289004    0    0     0     0 2142 1736 16  8 75  0  1  0
11  0      0 389516   3408 289004    0    0     0     0 1996 1684  8  4 88  0  0  0
 1  0      0 389548   3408 288996    0    0     0     4 2089 1790 11  7 82  0  0  0
 0  0      0 389548   3408 288996    0    0     0     0 1911 1530 21 14 64  0  0  0
 1  0      0 389548   3408 288996    0    0     0     0 2140 1694 18 10 70  0  2  0
 2  0      0 389548   3408 288996    0    0     0     0 2046 1699 11  4 86  0  0  0
 1  0      0 389548   3408 288996    0    0     0     0 2059 1579 14  9 76  0  1  0
 0  0      0 389548   3408 288996    0    0     0     0 2099 1676 15  8 77  0  0  0
 4  0      0 389548   3408 288996    0    0     0     0 2197 1762 11  6 83  0  0  0
 1  0      0 389548   3408 288996    0    0     0     0 2104 1667 13  8 79  0  0  0
 6  0      0 389548   3408 288996    0    0     0     0 2076 1642 31 25 44  0  0  0
 2  0      0 389548   3408 288996    0    0     0     0 2080 1689  8  4 88  0  1  0
 2  0      0 389548   3408 288996    0    0     0     0 2109 1701 12  9 78  0  0  0
 1  0      0 389548   3408 288996    0    0     0     0 2156 1750 16  8 76  0  0  0
 3  0      0 389548   3408 288996    0    0     0     0 2206 1760  9  6 85  0  1  0
 2  0      0 389548   3408 288996    0    0     0     0 1866 1476 25 11 64  0  0  0
 2  0      0 389548   3408 288996    0    0     0     0 1940 1543 13  6 81  0  0  0
 0  0      0 389548   3408 288996    0    0     0     0 2001 1553 21 13 64  0  2  0
 5  0      0 389452   3408 288996    0    0     0     0 1964 1525 21 10 69  0  0  0
 3  0      0 389452   3408 288996    0    0     0     0 2070 1647 12  5 82  0  1  0
 1  0      0 389452   3408 288996    0    0     0     0 1936 1534 35 26 39  0  0  0
 0  0      0 389452   3408 288996    0    0     0     0 1989 1614  7  5 88  0  0  0
 0  0      0 389220   3408 288996    0    0     0     0 1988 1663 13 10 78  0  0  0
 0  0      0 389220   3408 288996    0    0     0     0 1893 1507 24 10 65  0  2  0
 2  0      0 389220   3408 288996    0    0     0     0 2116 1718 13 11 76  0  0  0
 2  0      0 389220   3408 288996    0    0     0  2156 2067 1633  7  4 88  1  0  0
 3  0      0 389220   3408 288996    0    0     0     0 2189 1736 34 16 47  0  3  0
 3  0      0 389220   3408 288996    0    0     0     0 2083 1650  6  5 89  0  0  0
 4  0      0 389220   3408 288996    0    0     0     0 1950 1604 15  9 76  0  0  0
 2  0      0 389220   3408 288988    0    0     0     0 2180 1723 14  9 76  0  0  0
 1  0      0 389220   3408 288988    0    0     0     4 2085 1685 15  8 76  0  1  0
 2  0      0 389220   3408 288988    0    0     0     0  235  162  1  0 100  0  0  0
 0  0      0 389220   3416 288980    0    0     0    40   49   40  0  0 100  0  0  0
 0  0      0 389220   3416 288988    0    0     0     0   65   56  0  0 100  0  0  0
 0  0      0 389220   3416 288988    0    0     0     0   38   32  0  0 100  0  0  0
