procs -----------memory---------- ---swap-- -----io---- -system-- -------cpu-------
 r  b   swpd   free   buff  cache   si   so    bi    bo   in   cs us sy id wa st gu
 1  0      0 410256   3064 288108    0    0   355   480 1595    5  5  3 91  1  0  0
 2  0      0 410256   3064 288108    0    0     0     0 5576 3357 10  7 83  0  0  0
 0  0      0 410256   3064 288108    0    0     0   472 8997 5401 13 13 72  0  1  0
 1  0      0 410256   3064 288108    0    0     0     0 8232 4717 12 12 75  0  1  0
 4  0      0 410256   3064 288108    0    0     0     0 8228 4713 13 12 75  0  0  0
 0  0      0 410256   3064 288108    0    0     0     0 9665 5935 18 13 67  0  2  0
 0  0      0 410256   3064 288108    0    0     0     0 8226 4731 13 11 75  0  1  0
 0  0      0 410136   3232 288164    0    0   172   132 8191 4834 13 13 67  6  1  0
 0  0      0 410136   3248 288244    0    0     0  1504 9396 5761 16 12 71  0  1  0
 3  0      0 410136   3248 288244    0    0     0     0 8405 4898 14 14 70  0  2  0
 0  0      0 410136   3268 288252    0    0     4   260 8261 4920 15 13 69  1  2  0
 3  0      0 410136   3268 288252    0    0     0     0 8190 4876 17 15 59  0  8  0
 2  0      0 410136   3268 288252    0    0     0     0 7956 4770 18 15 53  0 14  0
 4  0      0 410136   3268 288252    0    0     0     8 7815 4543 18 13 63  0  7  0
 1  0      0 410136   3268 288252    0    0     0     0 8839 5353 21 15 57  0  7  0
 2  0      0 410136   3268 288252    0    0     0     0 9779 6084 21 18 57  0  4  0
 0  0      0 410136   3268 288252    0    0     0     0 9047 5305 22 15 58  0  4  0
 1  0      0 410136   3268 288252    0    0     0     0 8704 5189 18 16 63  0  3  0
 0  0      0 410136   3268 288252    0    0     0     0 10195 6380 19 15 65  0  1  0
 0  0      0 410136   3268 288252    0    0     0     0 9413 5626 17 15 67  0  1  0
 0  0      0 410136   3268 288252    0    0     0     0 9275 5529 15 14 71  0  0  0
 0  0      0 410136   3268 288252    0    0     0     0 10427 6478 18 15 66  0  1  0
 0  0      0 410136   3268 288252    0    0     0     0 10571 6583 19 14 66  0  1  0
 1  0      0 410136   3268 288252    0    0     0     0 9472 5671 15 14 70  0  1  0
 6  0      0 410136   3268 288252    0    0     0     0 10408 6616 21 15 62  0  2  0
 2  0      0 410136   3268 288252    0    0     0     0 9676 5941 17 14 68  0  1  0
 2  0      0 410136   3268 288252    0    0     0     0 10034 6282 16 15 68  0  1  0
 1  0      0 410136   3268 288252    0    0     0     0 10726 6787 19 14 66  0  2  0
 0  0      0 410136   3268 288252    0    0     0    80 5377 3389  8  7 85  0  1  0
 0  0      0 410136   3268 288252    0    0     0     0 2135 1177  2  3 94  0  0  0
 0  0      0 410136   3268 288252    0    0     0     0 1907 1147  3  3 95  0  0  0
 0  0      0 410136   3268 288252    0    0     0     8 2319 1334  4  3 93  0  1  0
 0  0      0 410136   3268 288252    0    0     0     0 2420 1463  4  3 93  0  0  0
 0  0      0 410136   3268 288252    0    0     0     0 2496 1518  5  3 93  0  0  0
 0  0      0 410136   3268 288252    0    0     0     0 2583 1507  4  4 91  0  0  0
 0  0      0 410136   3268 288252    0    0     0     0 2527 1484  3  3 95  0  0  0
 0  0      0 410136   3268 288252    0    0     0     0 2777 1718  5  3 92  0  1  0
 0  0      0 410136   3268 288252    0    0     0     0 2101 1230  4  3 94  0  0  0
 0  0      0 410136   3268 288252    0    0     0     4 2508 1463  4  3 93  0  0  0
 0  0      0 410136   3268 288252    0    0     0     0 1444  742  2  2 95  0  0  0
 0  0      0 410136   3276 288244    0    0     0    12 2193 1211  4  4 93  0  0  0
 0  0      0 410136   3276 288252    0    0     0     0 2856 1855  5  4 90  0  0  0
 0  0      0 410136   3276 288252    0    0     0     0 2640 1636  4  4 92  0  1  0
 0  0      0 410136   3276 288252    0    0     0     0 2873 1802  5  4 91  0  1  0
 0  0      0 410136   3276 288252    0    0     0     0 2652 1558  5  4 91  0  0  0
 0  0      0 410136   3276 288252    0    0     0     0 2841 1755  5  5 90  0  0  0
 0  0      0 410136   3276 288252    0    0     0     0 2314 1309  5  3 91  0  0  0
 0  0      0 410136   3276 288252    0    0     0     0 2284 1252  4  4 92  0  0  0
 0  0      0 410136   3276 288252    0    0     0     0 1531  832  2  2 96  0  1  0
 0  0      0 410136   3276 288252    0    0     0     0 2331 1353  4  4 92  0  1  0
 0  0      0 410136   3276 288252    0    0     0     0 2797 1748  5  5 90  0  1  0
 0  0      0 410136   3276 288252    0    0     0     0 2668 1714  6  4 90  0  1  0
 0  0      0 410136   3276 288252    0    0     0     0 2713 1617  5  5 90  0  1  0
 0  0      0 410136   3276 288252    0    0     0     0 2905 1818  5  4 90  0  1  0
 0  0      0 410136   3276 288252    0    0     0     0 2547 1534  6  4 90  0  1  0
 0  0      0 410136   3276 288252    0    0     0     0 1955 1051  4  3 93  0  1  0
 0  0      0 410136   3276 288252    0    0     0     0 1623  885  3  3 93  0  0  0
 0  0      0 410136   3276 288252    0    0     0     0 1952 1119  4  3 93  0  0  0
 0  0      0 410136   3276 288252    0    0     0     0 2959 1867  5  5 89  0  0  0
 0  0      0 410136   3276 288252    0    0     0     0 2948 1823  6  4 89  0  0  0
 0  0      0 410136   3276 288252    0    0     0     0 2728 1645  5  4 91  0  1  0
 0  0      0 410136   3276 288252    0    0     0     0 1331  843  2  2 95  0  1  0
 0  0      0 410136   3276 288252    0    0     0     0   36   27  0  0 100  0  0  0
 0  0      0 410136   3276 288252    0    0     0     0  120  153  0  0 99  0  0  0
 0  0      0 410136   3276 288252    0    0     0     0   45   30  0  0 100  0  0  0
