procs -----------memory---------- ---swap-- -----io---- -system-- -------cpu-------
 r  b   swpd   free   buff  cache   si   so    bi    bo   in   cs us sy id wa st gu
 3  0      0 857892  12136 317960    0    0   246   433 2295   10 23  4 72  1  0  0
 1  0      0 857892  12136 317960    0    0     0     0 5206 3014 46  5 49  0  0  0
 0  0      0 857892  12136 317960    0    0     0     0 5287 3087 27  6 68  0  0  0
 1  0      0 857984  12136 317960    0    0     0     0 5032 3105 27  5 68  0  0  0
 1  0      0 857920  12136 317960    0    0     0     0 5311 2994 38  5 57  0  1  0
 0  0      0 858808  12136 317960    0    0     0     0 4929 3171 24  5 71  0  0  0
 0  0      0 860020  12136 317960    0    0     0     0 5153 2868 26  4 69  0  1  0
 1  0      0 860220  12136 317960    0    0     0     0 5294 3042 26  6 67  0  0  0
 5  0      0 860376  12136 317960    0    0     0     0 5272 2921 26  4 69  0  1  0
 2  0      0 860376  12136 317960    0    0     0     0 5071 2954 41  5 55  0  0  0
 0  0      0 860376  12136 317960    0    0     0     8 5112 3001 28  5 66  0  1  0
 1  0      0 862080  12144 317952    0    0     0    44 5180 3035 32  5 63  1  0  0
 1  0      0 863012  12144 317960    0    0     0     0 5201 2917 26  5 68  0  1  0
 0  0      0 863012  12144 317960    0    0     0     0 4867 3021 31  5 64  0  1  0
 0  0      0 863012  12144 317960    0    0     0     0 5143 3032 26  5 69  0  0  0
 1  0      0 863012  12144 317960    0    0     0     0 5253 3204 24  5 70  0  1  0
 0  0      0 863012  12144 317960    0    0     0     0 5341 3064 27  5 68  0  0  0
 1  0      0 863012  12144 317960    0    0     0     0 5421 3153 26  5 69  0  1  0
 1  0      0 863012  12144 317960    0    0     0     0 5083 3119 23  5 71  0  0  0
 1  0      0 862772  12144 317960    0    0     0     0 5308 3239 24  6 70  0  1  0
 0  0      0 862772  12144 317956    0    0     0     0 4986 3312 25  4 71  0  0  0
 1  0      0 862772  12144 317952    0    0     0     0 5323 3062 25  5 71  0  0  0
 0  0      0 863276  12144 317952    0    0     0     0 5273 3102 25  5 70  0  1  0
 1  0      0 863276  12144 317952    0    0     0     0 5034 3132 30  6 64  0  0  0
 1  0      0 863276  12144 317952    0    0     0     0 5258 2998 25  5 70  0  1  0
 1  0      0 865720  12144 318456    0    0     0     0 5036 3253 23  6 70  0  0  0
 1  0      0 865720  12144 318456    0    0     0    16 4873 3208 24  4 71  0  0  0
 1  0      0 865720  12144 318456    0    0     0     0 5064 3064 39  6 54  0  1  0
 1  0      0 865720  12144 318456    0    0     0     0 5174 3245 24  4 72  0  0  0
 1  0      0 865720  12144 318456    0    0     0     0 5519 3178 25  5 70  0  0  0
 1  0      0 865720  12144 318456    0    0     0  2236 5121 3194 23  4 72  1  1  0
 1  0      0 865720  12144 318456    0    0     0     0 5041 3218 22  6 72  0  0  0
 1  0      0 865720  12144 318456    0    0     0     0 5111 3078 27  5 69  0  0  0
 0  0      0 865720  12144 318456    0    0     0     0 5362 3120 27  5 68  0  1  0
 0  0      0 866756  12144 318456    0    0     0     0 4917 2880 23  5 72  0  0  0
 1  0      0 866312  12144 318456    0    0     0     0 4998 2965 22  5 73  0  1  0
 0  0      0 866264  12144 318456    0    0     0     0 5043 2852 22  4 75  0  0  0
 1  0      0 866264  12144 318456    0    0     0     0 5178 3177 23  5 71  0  1  0
 1  0      0 866012  12144 318456    0    0     0     0 4874 3158 29  5 66  0  0  0
 1  0      0 866012  12144 318456    0    0     0     0 5012 3130 22  5 73  0  0  0
 0  0      0 866012  12144 318456    0    0     0     0 4988 3130 23  6 71  0  1  0
 0  0      0 865760  12144 318456    0    0     0     0 5087 3117 22  6 72  0  0  0
 0  0      0 865760  12144 318456    0    0     0    16 5376 3073 23  4 73  0  1  0
 1  0      0 865760  12144 318456    0    0     0     0 5341 3113 23  6 72  0  0  0
 1  0      0 865760  12144 318456    0    0     0     0 4943 2963 25  4 71  0  0  0
 1  0      0 865760  12144 318456    0    0     0     0 4928 3074 23  5 71  0  1  0
 1  0      0 865760  12144 318456    0    0     0     0 5019 3017 23  5 71  0  1  0
 1  0      0 865760  12144 318456    0    0     0     0 4885 3154 24  5 71  0  0  0
 1  0      0 865760  12144 318456    0    0     0     0 5027 3241 22  6 72  0  0  0
 0  0      0 865760  12144 318456    0    0     0     0 4989 3205 22  5 73  0  0  0
 0  0      0 865520  12144 318456    0    0     0     0 5012 3082 22  4 73  0  1  0
 1  0      0 865520  12152 318448    0    0     0    32 5064 3073 21  5 73  0  0  0
 1  0      0 865520  12152 318456    0    0     0     0 5043 3184 24  5 71  0  0  0
 1  0      0 865520  12152 318456    0    0     0     0 4998 3203 23  6 71  0  1  0
 1  0      0 865520  12152 318456    0    0     0     0 4982 3039 24  5 72  0  0  0
 1  0      0 865520  12152 318456    0    0     0   332 5201 3031 23  5 72  1  1  0
 1  0      0 865280  12152 318456    0    0     0     0 4994 3112 23  5 72  0  0  0
 1  0      0 865280  12152 318456    0    0     0    16 5204 3137 26  5 69  0  1  0
 1  0      0 865280  12152 318456    0    0     0     0 5222 3087 23  5 72  0  0  0
 0  0      0 865280  12152 318456    0    0     0     0 5063 3083 23  5 72  0  0  0
 0  0      0 865280  12152 318456    0    0     0     0 3333 1888 12  3 85  0  1  0
 0  0      0 865280  12152 318456    0    0     0     0  178  147  1  0 100  0  0  0
 0  0      0 865280  12152 318456    0    0     0     0  158  139  0  0 100  0  0  0
 0  0      0 865280  12152 318456    0    0     0     0  148  136  0  0 100  0  0  0
 0  0      0 865280  12152 318456    0    0     0     0  135  112  1  0 100  0  0  0
