procs -----------memory---------- ---swap-- -----io---- -system-- -------cpu-------
 r  b   swpd   free   buff  cache   si   so    bi    bo   in   cs us sy id wa st gu
 1  0      0 378600   3448 289024    0    0   274   385 1944    7  5  3 90  1  0  0
 0  0      0 378600   3448 289024    0    0     0     0 4069 3065 15  7 78  0  1  0
 4  0      0 378600   3448 289024    0    0     0     0 10837 7996 31 16 51  0  2  0
 3  0      0 378600   3448 289024    0    0     0     0 11117 8523 34 19 45  0  3  0
 0  0      0 378600   3448 289024    0    0     0     4 10732 8127 34 17 46  0  3  0
 0  0      0 378600   3448 289024    0    0     0     0 10698 7943 28 18 52  0  2  0
 3  0      0 378600   3448 289024    0    0     0     0 10793 8170 28 17 54  0  2  0
 1  0      0 378600   3448 289024    0    0     0     0 11654 8994 33 17 48  0  1  0
 3  0      0 378600   3448 289024    0    0     0     0 11978 9544 31 18 51  0  1  0
 1  0      0 378600   3448 289024    0    0     0     0 11006 8247 28 14 57  0  1  0
 4  0      0 378600   3448 289024    0    0     0     0 10560 7749 27 15 57  0  1  0
 1  0      0 378600   3448 289024    0    0     0     0 10500 7740 32 18 49  0  3  0
 5  0      0 378600   3448 289024    0    0     0     0 11572 9038 37 19 42  0  3  0
 4  0      0 378600   3448 289024    0    0     0     0 11479 8949 35 19 44  0  2  0
 5  0      0 378600   3448 289024    0    0     0     0 11153 8693 38 18 40  0  3  0
14  0      0 378600   3448 289024    0    0     0     0 9140 7082 31 17 49  0  3  0
 9  0      0 378600   3448 289024    0    0     0     0 1859 1492 10  8 81  0  1  0
 9  0      0 378600   3448 289024    0    0     0     0 1972 1578 20 13 67  0  0  0
 2  0      0 378600   3448 289024    0    0     0     0 1935 1559 15  7 77  0  1  0
 2  0      0 378600   3448 289024    0    0     0     0 1777 1459 14  7 79  0  0  0
 2  0      0 378600   3448 289024    0    0     0     0 1900 1521 16  8 75  0  1  0
 2  0      0 378600   3448 289024    0    0     0     0 1838 1522  6  3 92  0  0  0
 1  0      0 378568   3448 289028    0    0     0     0 1928 1522  9  6 84  0  0  0
 0  0      0 378568   3448 289028    0    0     0     0 2020 1604  7  4 88  0  0  0
 2  0      0 378568   3448 289028    0    0     0     8 1839 1477 14  7 78  0  1  0
 5  0      0 378568   3448 289028    0    0     0   348 1971 1566 11  6 83  0  0  0
 1  0      0 378568   3448 289028    0    0     0     0 1824 1443 13  6 80  0  1  0
 0  0      0 378568   3448 289020    0    0     0     0 1800 1622 31 22 47  0  0  0
 3  0      0 378568   3448 289020    0    0     0     0 1794 1411 13  5 82  0  0  0
 1  0      0 378568   3448 289020    0    0     0    20 1768 1387 22 12 65  0  2  0
 1  0      0 378568   3456 289020    0    0     0    40 1732 1443  8  8 84  0  0  0
 0  0      0 378568   3456 289020    0    0     0  2204 1751 1373 13  5 81  0  1  0
 0  0      0 378568   3456 289020    0    0     0     0 1823 1439 15  8 76  0  1  0
 6  0      0 378568   3456 289020    0    0     0     4 1907 1554 12  6 82  0  0  0
 0  0      0 378568   3456 289012    0    0     0     0 1701 1471 22 14 63  0  2  0
 0  0      0 378568   3456 289012    0    0     0     0 1966 1605  9  5 86  0  0  0
 2  0      0 378568   3456 289012    0    0     0     0 1973 1596  9  3 86  0  1  0
 1  0      0 378568   3456 289012    0    0     0     0 1891 1499 11  6 83  0  0  0
 1  0      0 378568   3456 289012    0    0     0     0 1856 1490 11  7 82  0  0  0
 1  0      0 378568   3456 289012    0    0     0     0 2005 1664  9  5 84  0  1  0
 0  0      0 378568   3456 289012    0    0     0     0 1858 1557 33 18 48  0  0  0
 2  0      0 378568   3456 289012    0    0     0     0 1876 1574 16  8 75  0  1  0
 7  0      0 378568   3456 289012    0    0     0     0 1933 1541 11  7 81  0  0  0
 3  0      0 378568   3456 289012    0    0     0     0 1938 1600 28 25 47  0  0  0
 2  0      0 378568   3456 289012    0    0     0     0 1676 1331 12  5 81  0  1  0
 0  0      0 378568   3456 289012    0    0     0     0 1638 1329 24 12 60  0  4  0
 2  0      0 378568   3456 289012    0    0     0     0 1518 1216 41 24 31  0  3  0
 7  0      0 378568   3456 289012    0    0     0     0 1530 1214 24 12 62  0  2  0
 2  0      0 378568   3456 289012    0    0     0     0 1583 1262 38 24 34  0  3  0
 2  0      0 378568   3456 289012    0    0     0     0 1690 1354 11  8 80  0  1  0
 0  0      0 378568   3456 289012    0    0     0     0 1700 1368 23 10 63  0  4  0
 6  0      0 378568   3456 289012    0    0     0     0 1577 1270 24 11 61  0  4  0
 3  0      0 378568   3456 289012    0    0     0     0 1545 1248 37 23 37  0  3  0
 0  0      0 378568   3456 289012    0    0     0     0 1653 1342 18  7 74  0  1  0
 1  0      0 378568   3456 289012    0    0     0     0 1725 1409 14  7 79  0  0  0
 9  0      0 378568   3456 289012    0    0     0     0 1667 1382 23 12 62  0  4  0
 0  0      0 378568   3456 289012    0    0     0     0 1739 1412 16  7 76  0  1  0
 1  1      0 378568   3472 288996    0    0     0  2444 1826 1495 41 19 38  3  0  0
 6  0      0 378568   3480 289012    0    0     0    24 1744 1444 39 19 42  0  0  0
 4  0      0 380140   3496 289004    0    0     0    44 1644 1453 22 12 64  0  2  0
 2  0      0 380140   3496 289004    0    0     0    16 1878 1535 11  6 83  0  0  0
 0  0      0 380140   3496 289004    0    0     0     0  931  702  3  2 95  0  0  0
 0  0      0 380140   3496 289004    0    0     0     0  113   71  0  1 99  0  0  0
 0  0      0 380140   3496 289004    0    0     0     0   61   50  0  0 100  0  0  0
 0  0      0 380140   3496 289004    0    0     0     0   44   33  0  0 100  0  0  0
