procs -----------memory---------- ---swap-- -----io---- -system-- -------cpu-------
 r  b   swpd   free   buff  cache   si   so    bi    bo   in   cs us sy id wa st gu
 1  0      0 376720   3504 289024    0    0   264   373 1960    7  5  3 90  1  0  0
 2  0      0 376704   3504 289028    0    0     0  2196 6725 5275 22 11 66  1  1  0
 9  0      0 376608   3504 289028    0    0     0     0 11063 8601 37 18 39  0  6  0
 9  0      0 376608   3504 289028    0    0     0     0 9921 7726 41 19 30  0 10  0
10  0      0 376608   3504 289028    0    0     0     0 10802 8472 38 20 37  0  5  0
 5  0      0 376608   3504 289028    0    0     0     0 10953 8588 38 21 37  0  5  0
 2  0      0 376608   3504 289028    0    0     0     0 11296 8907 36 19 43  0  2  0
 3  0      0 376608   3504 289028    0    0     0     0 11462 8955 35 17 47  0  2  0
 6  0      0 376608   3504 289028    0    0     0     0 10108 7846 40 20 31  0  9  0
 0  0      0 376608   3504 289028    0    0     0     0 10837 8426 40 20 34  0  6  0
 4  0      0 376608   3504 289028    0    0     0     0 10877 8419 39 20 35  0  6  0
 2  0      0 376608   3504 289028    0    0     0     0 10989 8646 40 19 36  0  5  0
 2  0      0 376608   3504 289028    0    0     0     0 11564 9034 38 18 42  0  2  0
 9  0      0 376608   3504 289028    0    0     0     0 10504 8230 35 19 44  0  2  0
10  0      0 376608   3504 289028    0    0     0     0 1724 1431 11  4 84  0  1  0
 6  0      0 376608   3504 289028    0    0     0     0 1735 1430 12  5 82  0  1  0
 2  0      0 376608   3504 289028    0    0     0     0 1692 1383 13  6 81  0  0  0
 4  0      0 376608   3504 289028    0    0     0     4 1843 1472 15  7 78  0  0  0
 1  0      0 376608   3504 289028    0    0     0     0 1919 1540  9  5 85  0  1  0
 7  0      0 376608   3504 289028    0    0     0     0 1828 1456 10  4 85  0  0  0
 4  0      0 376608   3504 289028    0    0     0     0 1695 1351 12  7 80  0  1  0
 1  0      0 376608   3504 289028    0    0     0     0 1660 1351 15  8 75  0  1  0
 5  0      0 376608   3504 289028    0    0     0     0 1602 1252 18  7 74  0  1  0
 1  0      0 376608   3504 289028    0    0     0     0 1791 1425  9  6 84  0  0  0
 4  0      0 376608   3512 289020    0    0     0    48 1697 1349 14  4 81  0  1  0
 4  0      0 376608   3512 289028    0    0     0    12 1788 1447 10  5 85  0  0  0
 5  0      0 376608   3512 289028    0    0     0     0 1845 1455  8  6 86  0  0  0
 3  0      0 376608   3512 289020    0    0     0   392 1702 1449  8  5 86  0  1  0
 0  0      0 376608   3512 289020    0    0     0     0 1925 1513 12  8 79  0  0  0
 2  0      0 376608   3512 289020    0    0     0     0 1904 1578 14  9 75  0  1  0
 1  0      0 376608   3512 289020    0    0     0     0 1812 1529 18 11 71  0  0  0
 0  0      0 376608   3512 289020    0    0     0     0 1868 1502 23 12 65  0  0  0
 3  0      0 376608   3512 289020    0    0     0     0 1716 1413 14  8 77  0  1  0
 4  0      0 379356   3512 289016    0    0     0     0 1836 1610 13  7 80  0  0  0
 2  0      0 379356   3512 289012    0    0     0     0 1879 1516  9  4 85  0  1  0
 2  0      0 379356   3512 289012    0    0     0     0 1838 1524 10  6 84  0  0  0
 2  0      0 379356   3512 289012    0    0     0     0 1800 1467 22 11 67  0  0  0
 1  0      0 379356   3512 289012    0    0     0     0 1845 1500 11  5 83  0  1  0
 0  0      0 379356   3512 289012    0    0     0     0 1659 1343 22 14 63  0  2  0
 2  0      0 379356   3512 289012    0    0     0     0 1885 1541 15  8 76  0  0  0
 0  0      0 379356   3512 289012    0    0     0     0 1655 1368 35 24 38  0  3  0
 2  0      0 379356   3512 289012    0    0     0     0 1670 1338 20 11 67  0  2  0
 6  0      0 379356   3512 289012    0    0     0     0 1671 1393 23 13 62  0  2  0
 2  0      0 379356   3512 289012    0    0     0     0 1653 1333 24 12 65  0  0  0
 4  0      0 379356   3512 289012    0    0     0     0 1918 1601 11  5 83  0  1  0
 2  0      0 379356   3512 289012    0    0     0     0 1690 1395 17  7 76  0  0  0
 0  0      0 379356   3512 289012    0    0     0     0 1869 1535  8  5 86  0  1  0
 1  0      0 379356   3512 289012    0    0     0     0 1854 1539 14  7 79  0  0  0
 1  0      0 379356   3512 289012    0    0     0     0 1825 1534 21 11 68  0  0  0
 0  0      0 379356   3512 289012    0    0     0     0 1779 1457 15  9 75  0  1  0
 3  0      0 379356   3512 289012    0    0     0     0 1889 1511 16  8 76  0  0  0
 2  0      0 379356   3512 289012    0    0     0     0 1806 1428 16  7 77  0  0  0
 3  0      0 379356   3512 289012    0    0     0     0 1886 1543 10  5 84  0  1  0
 0  0      0 379356   3512 289012    0    0     0     0 1889 1582  7  4 88  0  0  0
 4  0      0 379356   3512 289012    0    0     0     0 1885 1578 31 20 49  0  0  0
 4  0      0 379356   3520 289004    0    0     0    40 1937 1665 11  5 83  0  1  0
 1  0      0 379356   3520 289012    0    0     0    44 2005 1653 10  6 84  0  0  0
 1  0      0 379356   3520 289012    0    0     0     0 1828 1561 22  9 69  0  0  0
 2  0      0 380036   3520 289008    0    0     0     0 1686 1596 17 10 72  0  0  0
 0  0      0 380088   3520 289004    0    0     0  2624 1810 1527  7  5 86  1  1  0
 1  0      0 380088   3520 289004    0    0     0     0 1956 1623 15  7 78  0  0  0
 0  0      0 380088   3520 289004    0    0     0     0 1223  999  5  2 93  0  0  0
 0  0      0 380088   3520 289004    0    0     0     0   50   40  0  0 100  0  0  0
 0  0      0 380088   3520 289004    0    0     0     0   39   28  0  0 100  0  0  0
 0  0      0 380088   3520 289004    0    0     0     0   50   37  0  0 100  0  0  0
