procs -----------memory---------- ---swap-- -----io---- -system-- -------cpu-------
 r  b   swpd   free   buff  cache   si   so    bi    bo   in   cs us sy id wa st gu
 1  0      0 853932  12160 318472    0    0   237   417 2321   10 23  4 73  1  0  0
11  0      0 856740  12160 318472    0    0     0     0 4155 3270 31  6 63  0  0  0
 7  0      0 856204  12160 318472    0    0     0     0 10074 7822 83 15  1  0  0  0
 8  0      0 856204  12160 318472    0    0     0     0 10672 8587 79 19  3  0  0  0
 9  0      0 856212  12160 318472    0    0     0     0 10328 8197 83 16  2  0  0  0
10  0      0 855720  12160 318472    0    0     0     0 9881 7511 84 16  1  0  0  0
13  0      0 855720  12160 318472    0    0     0     0 10063 7786 83 16  1  0  0  0
11  0      0 855784  12160 318472    0    0     0     0 11013 8602 83 16  1  0  0  0
 9  0      0 855500  12160 318472    0    0     0     0 11202 8971 83 16  1  0  0  0
10  0      0 855944  12160 318472    0    0     0     0 10109 7766 85 15  0  0  0  0
11  0      0 855692  12160 318472    0    0     0     0 9734 7488 86 14  0  0  0  0
 7  0      0 855692  12160 318472    0    0     0     0 9998 7753 84 15  1  0  0  0
10  0      0 855692  12160 318472    0    0     0     0 11278 8991 80 19  1  0  0  0
 9  0      0 855692  12160 318472    0    0     0     0 11016 8851 81 19  1  0  1  0
 9  0      0 855440  12168 318472    0    0     0    60 11014 8815 82 17  2  0  0  0
 0  0      0 855440  12168 318472    0    0     0     0 9075 7181 67 16 18  0  0  0
 0  0      0 855440  12168 318472    0    0     0     0 2235 1638 15  4 81  0  0  0
 0  0      0 855188  12168 318472    0    0     0     0 2262 1628 14  4 82  0  0  0
 0  0      0 855188  12168 318472    0    0     0     0 2219 1646 15  4 81  0  0  0
 0  0      0 854696  12168 318472    0    0     0     0 2231 1676 14  4 82  0  0  0
 0  0      0 854696  12168 318472    0    0     0     0 2275 1712 15  4 81  0  0  0
 0  0      0 854696  12168 318472    0    0     0     0 2197 1619 14  4 82  0  0  0
 0  0      0 854696  12168 318468    0    0     0     0 2258 1884 15  4 81  0  0  0
 0  0      0 854696  12168 318468    0    0     0     0 2262 1692 16  4 80  0  0  0
 0  0      0 854696  12168 318468    0    0     0     0 2179 1559 15  3 82  0  0  0
 0  0      0 855256  12168 318468    0    0     0     0 2218 1609 14  5 82  0  0  0
 0  0      0 856012  12168 318468    0    0     0     0 2199 1707 14  4 83  0  0  0
 3  0      0 856288  12168 318464    0    0     0     0 2196 1593 14  4 83  0  0  0
 0  0      0 857236  12168 318464    0    0     0     0 2103 1514 13  4 83  0  0  0
 0  0      0 857904  12168 318464    0    0     0     0 2125 1542 14  3 83  0  1  0
 0  0      0 858168  12168 318464    0    0     0  2300 2236 1619 15  4 81  1  0  0
 0  0      0 859180  12168 318464    0    0     0     0 2123 1508 14  3 83  0  0  0
 0  0      0 859188  12168 318464    0    0     0     0 2123 1541 13  4 83  0  0  0
 0  0      0 859440  12168 318464    0    0     0     0 2207 1645 16  4 81  0  0  0
 0  0      0 860096  12168 318464    0    0     0     0 2108 1521 14  4 83  0  0  0
 0  0      0 860620  12168 318464    0    0     0     0 2263 1600 14  4 82  0  0  0
 0  0      0 861036  12168 318464    0    0     0     0 2196 1543 14  4 82  0  0  0
 0  0      0 861540  12168 318464    0    0     0     0 2287 1632 16  4 81  0  0  0
 0  0      0 861792  12168 318464    0    0     0     0 2129 1522 14  4 83  0  0  0
 0  0      0 861792  12168 318464    0    0     0     0 2219 1656 14  4 82  0  0  0
 0  0      0 861792  12168 318464    0    0     0     0 2260 1624 14  4 82  0  0  0
 0  0      0 861792  12168 318464    0    0     0     0 2250 1639 15  4 82  0  0  0
 0  0      0 861792  12168 318464    0    0     0     0 2215 1633 15  4 82  0  0  0
 0  0      0 861792  12168 318464    0    0     0     0 2181 1666 14  3 83  0  0  0
 0  0      0 861792  12176 318464    0    0     0    68 2177 1577 16  3 82  0  0  0
 0  0      0 862320  12176 318464    0    0     0     0 2117 1587 13  3 84  0  0  0
 0  0      0 862584  12176 318464    0    0     0     0 1989 1482 13  4 84  0  0  0
 0  0      0 863196  12176 318464    0    0     0     0 2057 1538 13  3 84  0  1  0
 0  0      0 863856  12176 318464    0    0     0     0 2093 1558 13  3 84  0  0  0
 0  0      0 863856  12176 318464    0    0     0     0 2109 1495 13  4 84  0  0  0
 0  0      0 864996  12176 318464    0    0     0     0 2154 1593 14  4 82  0  0  0
 0  0      0 865180  12176 318464    0    0     0     0 2112 1526 13  4 83  0  0  0
 0  0      0 865304  12176 318464    0    0     0     0 1951 1448 12  4 84  0  0  0
 0  0      0 865304  12176 318464    0    0     0     0 2098 1482 12  3 85  0  0  0
 0  0      0 865304  12176 318464    0    0     0     0 2130 1521 13  4 83  0  0  0
 0  0      0 865304  12176 318464    0    0     0     0 2097 1613 14  3 84  0  0  0
 0  0      0 865896  12176 318464    0    0     0   304 2124 1516 14  4 83  0  0  0
 0  0      0 866160  12176 318464    0    0     0     0 2214 1624 14  4 82  0  0  0
 0  0      0 866160  12176 318464    0    0     0     0 2156 1628 14  4 83  0  0  0
 0  0      0 866160  12176 318464    0    0     0     0 2058 1483 13  4 83  0  0  0
 0  0      0 866160  12176 318464    0    0     0     0 2109 1511 14  3 84  0  0  0
 0  0      0 866160  12176 318464    0    0     0     0 1395  988  8  2 90  0  0  0
 0  0      0 866160  12176 318464    0    0     0     0  150  134  0  0 100  0  0  0
 0  0      0 866160  12176 318464    0    0     0     0  136  118  0  0 100  0  0  0
 0  0      0 866160  12176 318464    0    0     0     0  141  120  1  0 100  0  0  0
