procs -----------memory---------- ---swap-- -----io---- -system-- -------cpu-------
 r  b   swpd   free   buff  cache   si   so    bi    bo   in   cs us sy id wa st gu
 1  0      0 389616   3424 289020    0    0   285   397 1929    7  5  3 90  1  0  0
 1  0      0 389616   3424 289020    0    0     0     0 1532  859  4  2 94  0  0  0
 1  0      0 389616   3424 289020    0    0     0     0 3686 2055  5  2 92  0  1  0
 1  0      0 389616   3424 289020    0    0     0   432 4229 2100  7  3 90  0  1  0
 1  0      0 389616   3424 289020    0    0     0     0 4223 2090  5  2 93  0  0  0
 1  0      0 389616   3424 289020    0    0     0     0 4235 2081  5  2 92  0  1  0
 0  0      0 389616   3424 289020    0    0     0     0 4183 2134  6  3 91  0  1  0
 0  0      0 389616   3424 289020    0    0     0     0 4065 1975  6  3 91  0  1  0
 1  0      0 389504   3424 289020    0    0     0     0 4267 2092  7  2 91  0  0  0
 0  0      0 389504   3424 289020    0    0     0     0 4217 2028  5  3 91  0  1  0
 0  0      0 389504   3424 289020    0    0     0     0 4241 2047  6  2 92  0  0  0
 0  0      0 389504   3424 289020    0    0     0     0 4136 2012  6  3 90  0  1  0
 0  0      0 389504   3424 289020    0    0     0     4 4026 1954  5  2 92  0  1  0
 1  0      0 389504   3424 289020    0    0     0     0 3932 1911  5  2 93  0  1  0
 0  0      0 389504   3424 289020    0    0     0     0 3646 2094  7  3 90  0  1  0
 0  0      0 389504   3424 289020    0    0     0     0 3513 2124  5  3 92  0  1  0
 1  0      0 389504   3424 289020    0    0     0     0 3567 2192  5  2 93  0  0  0
 0  0      0 389504   3424 289020    0    0     0     0 3522 2077  6  3 90  0  1  0
 0  0      0 389504   3424 289020    0    0     0     0 3685 2168  6  4 90  0  0  0
 1  0      0 389504   3424 289020    0    0     0     0 3643 2156  6  2 91  0  1  0
 0  0      0 389504   3424 289020    0    0     0     0 3671 2216  6  3 92  0  0  0
 0  0      0 389504   3424 289020    0    0     0     0 4266 2199  6  3 91  0  1  0
 0  0      0 389504   3424 289020    0    0     0     0 4364 2048  6  3 90  0  1  0
 1  0      0 389504   3424 289020    0    0     0     0 3763 2219  7  3 90  0  1  0
 0  0      0 389504   3424 289020    0    0     0     8 3596 2162  5  3 92  0  1  0
 0  0      0 389504   3424 289020    0    0     0     4 3638 2180  6  4 91  0  0  0
 0  0      0 389504   3424 289012    0    0     0     0 4277 2252  6  3 91  0  1  0
 0  0      0 389504   3424 289012    0    0     0     0 4451 2151  7  2 91  0  1  0
 0  0      0 389504   3424 289012    0    0     0  2300 4365 2189  6  2 92  1  0  0
 0  0      0 389504   3424 289012    0    0     0     0 3691 2164  5  3 92  0  1  0
 0  0      0 389504   3424 289012    0    0     0     0 4406 2197  6  3 91  0  1  0
 0  0      0 389504   3432 289004    0    0     0    36 4039 2197  6  3 92  0  0  0
 0  0      0 389504   3432 289012    0    0     0     0 3969 2130  6  2 92  0  1  0
 0  0      0 389504   3432 289012    0    0     0     0 3749 2264  7  4 88  0  1  0
 1  0      0 389504   3432 289004    0    0     0     0 4176 2092  7  3 89  0  1  0
 0  0      0 389504   3432 289004    0    0     0     0 3502 1976  7  4 88  0  1  0
 1  0      0 389504   3432 289004    0    0     0     0 4181 1991  7  3 90  0  1  0
 1  0      0 389504   3432 289004    0    0     0     0 4050 1936  7  4 89  0  1  0
 0  0      0 389504   3432 289004    0    0     0     0 3761 2099  7  3 90  0  1  0
 1  0      0 389504   3432 289004    0    0     0     0 4134 2162  6  3 91  0  1  0
 0  0      0 389504   3432 289004    0    0     0     0 4415 2163  6  3 91  0  1  0
 0  0      0 389504   3432 289004    0    0     0     0 4260 2056  6  4 90  0  1  0
 1  0      0 389504   3432 289004    0    0     0     0 4474 2182  6  3 91  0  1  0
 0  0      0 389504   3432 289004    0    0     0     0 4351 2119  5  3 92  0  1  0
 1  0      0 389504   3432 289004    0    0     0     0 3949 2111  7  2 91  0  1  0
 0  0      0 389504   3432 289004    0    0     0     0 4189 2070  7  2 91  0  1  0
 0  0      0 389504   3432 289004    0    0     0     0 3614 2119  5  3 91  0  1  0
 1  0      0 389504   3432 289004    0    0     0     0 3630 2053  6  3 91  0  1  0
 0  0      0 389504   3432 289004    0    0     0     0 4162 2162  6  3 91  0  1  0
 0  0      0 389504   3432 289004    0    0     0     0 3968 2218  6  3 91  0  1  0
 1  0      0 389504   3432 289004    0    0     0     0 3900 2101  7  2 90  0  1  0
 0  0      0 389504   3432 289004    0    0     0     0 3658 2147  5  3 92  0  1  0
 0  0      0 389504   3432 289004    0    0     0     0 4310 2074  6  2 91  0  1  0
 0  0      0 389504   3432 289004    0    0     0     0 3667 2158  6  3 90  0  1  0
 1  0      0 389504   3432 289004    0    0     0     0 3961 2186  6  4 90  0  1  0
 1  0      0 389504   3432 289004    0    0     0     0 3999 2103  6  3 91  0  1  0
 0  0      0 389504   3432 289004    0    0     0     8 4144 2056  6  3 91  0  1  0
 0  0      0 389504   3432 289004    0    0     0     0 4372 2144  6  3 91  0  1  0
 0  0      0 389504   3432 289004    0    0     0     0 3971 2169  7  3 90  0  1  0
 0  0      0 389504   3432 289004    0    0     0   404 3729 2130  5  3 92  0  0  0
 1  0      0 389504   3432 289004    0    0     0     0 4357 2128  7  3 90  0  1  0
 0  0      0 389504   3432 288996    0    0     0     0 1896 1070  3  2 94  0  1  0
 0  0      0 389504   3432 288996    0    0     0    12   44   34  0  0 100  0  0  0
 0  0      0 389504   3432 288996    0    0     0     0   62   47  0  0 100  0  0  0
 0  0      0 389504   3440 288988    0    0     0  2068   79   68  0  0 99  1  0  0
