procs -----------memory---------- ---swap-- -----io---- -system-- -------cpu-------
 r  b   swpd   free   buff  cache   si   so    bi    bo   in   cs us sy id wa st gu
 2  0      0 857340  12200 318456    0    0   228   403 2327   10 23  4 73  1  0  0
 0  0      0 857604  12200 318480    0    0     0     0  740  754  5  5 90  0  0  0
10  0      0 861196  12200 318480    0    0     0     0 10547 10759 76 21  4  0  0  0
13  0      0 863172  12200 318480    0    0     0    20 10559 10642 79 18  3  0  0  0
11  0      0 863692  12200 318480    0    0     0     0 10760 11110 77 21  3  0  0  0
12  0      0 863492  12200 318480    0    0     0     0 10952 11348 80 19  2  0  1  0
10  0      0 863492  12200 318480    0    0     0     0 10922 11290 78 21  1  0  0  0
17  0      0 863240  12200 318480    0    0     0     0 10815 10728 80 19  1  0  0  0
10  0      0 863240  12200 318480    0    0     0     0 10372 10276 81 19  1  0  0  0
15  0      0 863240  12200 318480    0    0     0     0 10995 11393 76 22  2  0  0  0
16  0      0 863240  12200 318480    0    0     0     0 10739 11136 80 18  3  0  0  0
 3  0      0 863240  12200 318480    0    0     0     0 10791 10905 79 19  2  0  0  0
 5  0      0 863240  12200 318480    0    0     0     0 10881 11386 82 18  1  0  0  0
14  0      0 863240  12200 318480    0    0     0     0 11015 11103 79 21  0  0  0  0
 0  0      0 863240  12200 318480    0    0     0     0 6697 6711 47 11 41  0  0  0
 0  0      0 863240  12200 318480    0    0     0     0 2146 1921 13  4 83  0  0  0
 0  0      0 863240  12200 318480    0    0     0  2132 2103 1942 14  4 82  0  0  0
 0  0      0 863240  12200 318480    0    0     0     0 2060 1837 12  5 83  0  0  0
 0  0      0 863000  12200 318480    0    0     0     0 2156 1876 15  4 82  0  0  0
 0  0      0 863000  12200 318480    0    0     0     0 2146 1891 14  5 82  0  1  0
 0  0      0 863000  12200 318480    0    0     0     0 2022 1818 13  4 83  0  0  0
 0  0      0 863000  12208 318472    0    0     0    48 2120 1982 13  4 83  0  0  0
 0  0      0 863000  12208 318472    0    0     0     0 1999 1861 13  4 83  0  0  0
 0  0      0 863000  12208 318472    0    0     0     0 2066 1808 13  5 83  0  0  0
 0  0      0 863000  12208 318472    0    0     0     0 2071 1911 13  4 83  0  0  0
 0  0      0 862808  12208 318472    0    0     0     0 2040 1743 14  5 82  0  0  0
 0  0      0 862760  12208 318472    0    0     0     0 2130 1827 16  4 80  0  0  0
 0  0      0 862844  12208 318472    0    0     0     0 2151 1975 15  4 81  0  0  0
 0  0      0 862888  12208 318464    0    0     0     0 2098 1844 14  5 82  0  0  0
 1  0      0 862696  12208 318464    0    0     0     0 2193 1966 15  4 82  0  0  0
 0  0      0 862648  12208 318464    0    0     0     0 2181 1950 14  5 82  0  0  0
 0  0      0 862648  12208 318464    0    0     0     8 2090 1983 14  4 82  0  0  0
 0  0      0 862648  12208 318464    0    0     0     0 2142 1906 13  5 82  0  0  0
 0  0      0 862648  12208 318464    0    0     0     0 2082 1954 13  5 82  0  0  0
 0  0      0 862648  12208 318464    0    0     0    16 2161 2028 15  3 83  0  0  0
 0  0      0 862648  12208 318464    0    0     0     0 2121 1883 14  4 82  0  0  0
 0  0      0 862648  12208 318464    0    0     0     0 2107 1897 14  4 83  0  0  0
 0  0      0 862648  12208 318464    0    0     0     0 2096 1870 13  4 83  0  0  0
 0  0      0 862648  12208 318464    0    0     0     0 2088 1963 14  3 83  0  0  0
 0  0      0 862648  12208 318464    0    0     0     0 2142 1901 14  4 83  0  0  0
 0  0      0 862408  12208 318464    0    0     0     0 2005 1832 13  3 83  0  0  0
 0  0      0 862216  12208 318464    0    0     0     0 1949 1833 14  4 83  0  0  0
 0  0      0 862168  12208 318464    0    0     0     0 2038 1877 14  4 82  0  0  0
 0  0      0 862168  12208 318464    0    0     0     0 2020 1799 13  4 84  0  0  0
 0  0      0 862168  12208 318464    0    0     0     0 2142 1911 14  4 83  0  0  0
 0  0      0 862168  12208 318632    0    0   172     0 2254 2125 15  5 78  3  0  0
 0  0      0 862168  12208 318636    0    0     0     0 2071 1844 12  4 84  0  0  0
 0  0      0 862168  12208 318636    0    0     0     0 2169 1928 14  5 82  0  0  0
 0  0      0 862168  12208 318636    0    0     0     0 2199 2032 14  4 82  0  0  0
 0  0      0 862168  12208 318636    0    0     0     0 2134 1933 13  5 83  0  0  0
 0  0      0 862236  12208 318636    0    0     0     0 2086 1923 14  4 82  0  0  0
 0  0      0 862044  12208 318636    0    0     0     0 1963 1872 13  4 84  0  0  0
 0  0      0 861996  12216 318636    0    0     0  2456 2186 1958 14  4 80  2  0  0
 3  0      0 861996  12216 318636    0    0     0     0 2054 1848 14  3 83  0  0  0
 0  0      0 861996  12216 318636    0    0     0     0 2193 1908 16  4 80  0  0  0
 0  0      0 861996  12216 318636    0    0     0     0 2208 2035 15  4 82  0  0  0
 0  0      0 861996  12216 318636    0    0     0     0 2162 1954 13  5 82  0  0  0
 0  0      0 861996  12216 318636    0    0     0     0 2196 2007 14  4 82  0  0  0
 0  0      0 861996  12216 318636    0    0     0     0 2223 2026 14  5 82  0  0  0
 0  0      0 861996  12216 318636    0    0     0     0 1945 1736 12  4 85  0  0  0
 0  0      0 861996  12216 318636    0    0     0     0 2129 1947 14  4 83  0  0  0
 0  0      0 861996  12216 318636    0    0     0     0 2129 1977 13  3 84  0  0  0
 0  0      0 861996  12216 318636    0    0     0     0  756  676  4  1 96  0  0  0
 0  0      0 861996  12216 318636    0    0     0     0  148  134  0  0 100  0  0  0
 0  0      0 861996  12216 318636    0    0     0     0  155  138  0  0 100  0  0  0
