procs -----------memory---------- ---swap-- -----io---- -system-- -------cpu-------
 r  b   swpd   free   buff  cache   si   so    bi    bo   in   cs us sy id wa st gu
 2  0      0 382480   7496 291628    0    0   306   396  980    2  3  2 94  1  0  0
 0  0      0 382480   7496 291628    0    0     0     0 1928  759  3  2 95  0  1  0
 1  1      0 382480   7496 291620    0    0     0   312 1873  922  3  1 95  1  0  0
 0  0      0 382480   7504 291620    0    0     0  1140 1786  778  2  2 95  1  1  0
 0  0      0 382480   7504 291620    0    0     0     0 1691  744  3  2 96  0  0  0
 1  0      0 382480   7504 291620    0    0     0     0 1711  736  3  2 95  0  1  0
 0  0      0 382480   7504 291620    0    0     0     0 1780  743  2  1 97  0  0  0
 0  0      0 382480   7504 291620    0    0     0     0 1763  740  3  1 96  0  0  0
 1  0      0 382480   7504 291620    0    0     0   584 1842  759  3  1 95  0  1  0
 0  0      0 382480   7504 291620    0    0     0     0 1762  733  3  2 96  0  0  0
 0  0      0 382480   7504 291620    0    0     0     0 1699  784  3  2 96  0  0  0
 0  0      0 382480   7504 291620    0    0     0     0 1590  730  3  1 95  0  0  0
 0  0      0 382480   7504 291620    0    0     0     0 1596  731  3  2 94  0  0  0
 1  0      0 382480   7504 291620    0    0     0     0 1607  735  3  2 96  0  0  0
 0  0      0 382480   7504 291620    0    0     0     0 1641  786  2  2 96  0  1  0
 0  0      0 382480   7504 291620    0    0     0     0 1594  731  4  2 95  0  1  0
 0  0      0 382480   7504 291620    0    0     0     0 1608  790  3  2 95  0  0  0
 0  0      0 382480   7504 291620    0    0     0     0 1722  758  4  2 94  0  1  0
 0  0      0 382480   7504 291620    0    0     0     0 1676  736  3  2 95  0  1  0
 0  0      0 382480   7504 291620    0    0     0     0 1638  763  3  2 95  0  0  0
 0  0      0 382480   7504 291620    0    0     0     0 1685  737  2  2 96  0  1  0
 0  0      0 382480   7504 291620    0    0     0     0 1671  765  3  1 96  0  0  0
 0  0      0 382480   7504 291620    0    0     0     0 1649  732  3  1 96  0  0  0
 0  0      0 382480   7504 291620    0    0     0     0 1573  727  3  2 96  0  1  0
 0  0      0 382480   7504 291620    0    0     0     0 1571  728  3  1 96  0  0  0
 0  0      0 382480   7504 291620    0    0     0     4 1579  743  3  2 95  0  0  0
 0  0      0 382480   7504 291620    0    0     0     0 1555  728  3  1 96  0  0  0
 0  0      0 382480   7504 291620    0    0     0     0 1583  717  3  1 95  0  1  0
 0  0      0 382480   7504 291620    0    0     0     0 1561  718  3  2 96  0  0  0
 0  0      0 382480   7504 291620    0    0     0     0 1607  759  3  2 95  0  1  0
 0  0      0 382480   7504 291620    0    0     0     0 1614  731  3  2 94  0  0  0
 0  0      0 382480   7504 291620    0    0     0     0 1636  731  3  2 94  0  0  0
 0  0      0 382480   7504 291620    0    0     0     0 1644  742  3  1 96  0  0  0
 0  0      0 382480   7504 291620    0    0     0     0 1704  723  3  1 95  0  1  0
 0  0      0 382480   7512 291620    0    0     0    52 1752  750  4  1 95  1  1  0
 0  0      0 382480   7512 291620    0    0     0     0 1673  723  3  2 96  0  0  0
 0  0      0 382480   7512 291620    0    0     0     0 1687  725  3  2 96  0  0  0
 0  0      0 382480   7512 291620    0    0     0     0 1727  761  3  1 96  0  0  0
 0  0      0 382480   7512 291620    0    0     0     0 1704  734  3  1 96  0  1  0
 0  0      0 382480   7512 291620    0    0     0     0 1690  728  3  1 96  0  0  0
 0  0      0 382480   7512 291620    0    0     0     0 1682  729  2  1 97  0  0  0
 0  0      0 382480   7512 291620    0    0     0     0 1677  746  2  1 97  0  0  0
 0  0      0 382480   7512 291620    0    0     0     0 1692  733  3  1 97  0  0  0
 0  0      0 382480   7512 291620    0    0     0     0 1672  722  3  1 96  0  1  0
 1  0      0 382480   7512 291620    0    0     0     0 1751  731  3  1 96  0  0  0
 1  0      0 382480   7512 291620    0    0     0     0 1098  465  1  1 99  0  0  0
 0  0      0 382480   7512 291620    0    0     0     0   42   33  0  0 100  0  0  0
 0  0      0 382480   7512 291620    0    0     0     0   54   44  0  1 100  0  0  0
 0  0      0 382480   7512 291620    0    0     0     0   44   27  0  0 100  0  0  0
 0  0      0 382480   7512 291620    0    0     0     0   53   40  0  0 100  0  0  0
