procs -----------memory---------- ---swap-- -----io---- -system-- -------cpu-------
 r  b   swpd   free   buff  cache   si   so    bi    bo   in   cs us sy id wa st gu
 1  0      0 543036  22188 697452    0    0   249   548 1574    4 22  3 74  1  0  0
 0  0      0 541548  22188 697460    0    0     0     0 1249 1107  9  5 86  0  0  0
 2  0      0 541548  22188 697460    0    0     0     0 3969 2068 59  6 35  0  0  0
 1  0      0 543848  22188 697460    0    0     0     0 3731 1995 57  6 36  0  0  0
 0  0      0 543848  22188 697460    0    0     0     0 3613 1854 17  9 74  0  0  0
 0  0      0 543848  22196 697456    0    0     0    64 3592 1932 18  9 74  0  0  0
 3  0      0 543932  22196 697460    0    0     0     0 3644 1986 24  8 67  0  0  0
 0  0      0 543992  22196 697460    0    0     0     0 3678 1808 35  8 58  0  0  0
 0  0      0 543740  22196 697460    0    0     0     0 3620 1941 16  9 74  0  0  0
 0  0      0 543560  22196 697460    0    0     0     0 3629 1927 14  8 78  0  0  0
 0  0      0 543560  22196 697460    0    0     0     0 3772 1943 38  9 52  0  0  0
 0  0      0 543320  22196 697460    0    0     0     0 3547 1881 16  9 76  0  0  0
 0  0      0 543320  22196 697460    0    0     0     0 3600 1842 14  9 76  0  1  0
 0  0      0 543320  22196 697460    0    0     0     0 3596 1909 12  9 79  0  0  0
 1  0      0 543320  22196 697460    0    0     0     0 3582 1880 15  8 77  0  0  0
 1  0      0 543320  22196 697460    0    0     0     0 3539 1858 13  9 79  0  0  0
 0  0      0 543320  22196 697460    0    0     0     0 3516 1870 14  9 76  0  0  0
 0  0      0 543080  22196 697460    0    0     0     0 3518 1872 13  9 77  0  0  0
 2  0      0 542828  22196 697460    0    0     0     0 3621 1941 21  9 70  0  0  0
 0  0      0 542828  22196 697460    0    0     0     0 3534 1942 31  6 63  0  0  0
 0  0      0 542828  22196 697460    0    0     0  2188 3550 1877 14  9 77  1  0  0
 0  0      0 542828  22196 697460    0    0     0     0 3520 1962 12  9 79  0  0  0
 0  0      0 542828  22196 697460    0    0     0     0 3549 1934 16  9 75  0  0  0
 0  0      0 542828  22196 697460    0    0     0     0 3538 1907 13  8 79  0  0  0
 0  0      0 542828  22196 697460    0    0     0     0 3487 1871 12  9 79  0  0  0
 0  0      0 542828  22196 697460    0    0     0     0 3609 1901 13  8 79  0  0  0
 0  0      0 542828  22196 697460    0    0     0     0 3621 1967 14  9 77  0  0  0
 0  0      0 543124  22196 697460    0    0     0     0 3526 1850 13  9 78  0  0  0
 0  0      0 543124  22196 697460    0    0     0     0 3526 1865 12 10 78  0  0  0
 0  0      0 543124  22196 697460    0    0     0     0 3591 1884 12  8 80  0  0  0
 4  0      0 543124  22196 697460    0    0     0     0 3673 1905 25  9 65  0  0  0
 1  0      0 543124  22196 697460    0    0     0     0 3537 1908 20  8 72  0  0  0
 1  0      0 543124  22196 697460    0    0     0     0 3571 1850 20  8 73  0  0  0
 0  0      0 543124  22196 697460    0    0     0     0 3566 1857 12  9 78  0  0  0
 0  0      0 323128  22196 697460    0    0     0     0 4133 2211 27 22 51  0  1  0
 1  0      0 125492  21368 629664    0    0     0     0 4553 2466 24 33 43  0  0  0
 0  0      0 797224  18600 422224    0    0  2068    64 4856 3523 20 24 54  2  1  0
 1  0      0 799660  18600 422224    0    0     0     0 3602 1884 12  9 78  0  0  0
 0  0      0 807040  18600 422224    0    0     0     0 3575 1920 13  9 77  0  0  0
 0  0      0 810576  18600 422224    0    0     0     0 3551 1886 15  8 77  0  0  0
 0  0      0 815328  18600 422224    0    0     0     0 3589 1917 12  9 79  0  0  0
 0  0      0 818292  18600 422224    0    0     0     0 3577 1890 13  8 78  0  0  0
 1  0      0 822312  18600 422224    0    0     0     0 3649 1961 22  9 69  0  0  0
 3  0      0 823120  18600 422224    0    0     0     0 3577 1821 25  8 66  0  0  0
 0  0      0 824204  18600 422224    0    0     0     0 3588 1785 32  8 59  0  1  0
 0  0      0 823912  18600 422224    0    0     4     0 3600 1867 14  8 78  0  0  0
 0  0      0 824512  18600 422228    0    0     0     0 3253 1784 12  8 79  0  0  0
 0  0      0 824512  18600 422228    0    0     0     0  185  148  0  0 100  0  0  0
 0  0      0 824512  18600 422228    0    0     0     0  174  169  0  0 100  0  0  0
 0  0      0 824512  18600 422228    0    0     0     0  168  150  1  0 100  0  0  0
