procs -----------memory---------- ---swap-- -----io---- -system-- -------cpu-------
 r  b   swpd   free   buff  cache   si   so    bi    bo   in   cs us sy id wa st gu
 4  0      0 812188  18740 430252    0    0   236   514 1590    4 21  3 75  1  0  0
 4  0      0 813036  18740 430252    0    0     0     0 5803 3600 50  9 40  0  0  0
 2  0      0 815568  18740 430252    0    0     0     0 5670 3431 62  8 30  0  0  0
 0  0      0 815516  18740 430252    0    0     0     0 5683 3586 26  7 66  0  0  0
 0  0      0 815264  18740 430252    0    0     0     0 5658 3432 26  8 65  0  1  0
 1  0      0 815264  18740 430252    0    0     0     0 5438 3406 59  7 34  0  0  0
 0  0      0 815012  18740 430252    0    0     0     0 5671 3540 27  6 67  0  0  0
 2  0      0 815012  18740 430252    0    0     0     0 5578 3467 26  7 67  0  0  0
 0  0      0 815012  18740 430252    0    0     0     0 5667 3533 27  7 65  0  0  0
 1  0      0 814772  18740 430252    0    0     0     0 5562 3433 27  7 66  0  1  0
 1  0      0 814772  18740 430252    0    0     0     0 5661 3515 46  8 46  0  0  0
 2  0      0 814772  18740 430252    0    0     0     0 5633 3481 26  7 66  0  0  0
 1  0      0 814772  18740 430252    0    0     0     0 5560 3404 24  7 68  0  0  0
 1  0      0 814772  18740 430252    0    0     0     0 5556 3521 32  7 60  0  0  0
 0  0      0 814772  18740 430252    0    0     0     0 5547 3435 26  7 67  0  0  0
 1  0      0 814548  18740 430252    0    0     0     0 5706 3521 43  8 49  0  0  0
 1  0      0 814548  18740 430252    0    0     0     0 5731 3517 26  7 66  0  0  0
 1  0      0 814548  18740 430252    0    0     0     0 5631 3437 25  7 67  0  0  0
 1  0      0 814548  18740 430252    0    0     0     0 5641 3465 27  7 66  0  0  0
 1  0      0 814548  18748 430252    0    0     0    64 5775 3563 24  7 68  0  0  0
 2  0      0 814548  18748 430252    0    0     0     0 5640 3583 43  8 49  0  0  0
 3  0      0 814548  18748 430252    0    0     0     0 5694 3555 23  8 68  0  0  0
 1  0      0 814548  18748 430252    0    0     0     0 5568 3454 24  7 68  0  0  0
 1  0      0 814356  18748 430252    0    0     0  2496 5658 3497 25  7 65  1  1  0
 0  0      0 814308  18748 430252    0    0     0     0 5499 3458 28  7 65  0  0  0
 1  0      0 814308  18748 430252    0    0     0     0 5541 3519 42  7 51  0  0  0
 0  0      0 814308  18748 430252    0    0     0     0 5600 3480 25  8 66  0  1  0
 0  0      0 814308  18748 430252    0    0     0     0 5434 3363 26  8 66  0  0  0
 1  0      0 814308  18748 430252    0    0     0     0 5549 3423 28  8 63  0  1  0
 0  0      0 814308  18748 430252    0    0     0     0 5592 3389 26  9 64  0  1  0
 1  0      0 814308  18748 430252    0    0     0     0 5733 3502 44  6 49  0  0  0
 1  0      0 814308  18748 430252    0    0     0     0 5723 3547 25  7 68  0  0  0
 1  0      0 814308  18748 430252    0    0     0     0 5822 3549 28  8 62  0  1  0
 0  0      0 814308  18748 430252    0    0     0     0 5599 3472 28  7 65  0  0  0
 1  0      0 814308  18748 430252    0    0     0     0 5587 3390 25  7 67  0  0  0
 1  0      0 814308  18748 430252    0    0     0     0 5725 3582 43  7 49  0  0  0
 0  0      0 814308  18748 430252    0    0     0     0 5738 3530 25  8 67  0  0  0
 0  0      0 814308  18748 430252    0    0     0     0 5623 3467 24  7 69  0  0  0
 1  0      0 814068  18748 430252    0    0     0     0 5644 3567 25  8 67  0  0  0
 0  0      0 814068  18748 430252    0    0     0     0 5724 3513 22  8 70  0  0  0
 1  0      0 814068  18748 430252    0    0     0     0 5665 3580 39  8 53  0  0  0
 1  0      0 814068  18748 430252    0    0     0     0 5595 3592 24  7 69  0  0  0
 0  0      0 814068  18748 430252    0    0     0     0 5556 3404 26  6 67  0  0  0
 0  0      0 813876  18748 430252    0    0     0     0 5072 3131 24  7 68  0  1  0
 0  0      0 813828  18748 430252    0    0     0     0  201  150  0  0 100  0  0  0
 0  0      0 813828  18748 430252    0    0     0     0  138  118  1  0 100  0  0  0
 0  0      0 813828  18748 430252    0    0     0     0  146  127  0  0 100  0  0  0
 0  0      0 813828  18748 430252    0    0     0     0  135  118  0  0 100  0  0  0
 0  0      0 813828  18748 430244    0    0     0     0  253  317  1  1 99  0  0  0
 0  0      0 813828  18748 430244    0    0     0     0  164  147  0  0 100  0  0  0
