procs -----------memory---------- ---swap-- -----io---- -system-- -------cpu-------
 r  b   swpd   free   buff  cache   si   so    bi    bo   in   cs us sy id wa st gu
 1  0      0 380732   7416 291496    0    0   317   408  978    2  3  2 94  1  0  0
 0  0      0 382244   7416 291488    0    0     0  1328 1845  895  4  3 92  1  1  0
 0  0      0 382188   7416 291488    0    0     0     0 1632  638  2  2 97  0  0  0
 0  0      0 382188   7416 291488    0    0     0     4 1670  659  3  2 95  0  1  0
 1  0      0 382188   7416 291488    0    0     0     0 1672  640  3  2 94  0  1  0
 1  0      0 382188   7416 291488    0    0     0     0 1646  658  3  2 95  0  1  0
 1  0      0 382188   7416 291488    0    0     0   592 1644  660  2  2 96  1  1  0
 0  0      0 382188   7416 291488    0    0     0     0 1676  650  3  2 94  0  1  0
 1  0      0 382188   7416 291488    0    0     0     0 1747  644  2  2 95  0  1  0
 0  0      0 382188   7416 291488    0    0     0     0 1798  634  3  1 96  0  1  0
 0  0      0 382188   7416 291488    0    0     0     0 1825  653  3  2 95  0  1  0
 0  0      0 382188   7416 291488    0    0     0     0 1838  652  3  1 96  0  1  0
 0  0      0 382188   7416 291488    0    0     0     0 1813  635  3  2 95  0  1  0
 0  0      0 382188   7416 291488    0    0     0     0 1799  654  2  1 97  0  0  0
 0  0      0 382188   7416 291488    0    0     0     0 1823  630  3  3 94  0  1  0
 0  0      0 382188   7416 291488    0    0     0     0 1834  646  4  2 94  0  1  0
 0  0      0 382188   7416 291488    0    0     0     0 1786  646  2  2 95  0  1  0
 0  0      0 382188   7416 291488    0    0     0     0 1716  639  3  2 95  0  1  0
 0  0      0 382188   7416 291488    0    0     0     0 1684  645  3  1 96  0  1  0
 0  0      0 382188   7416 291488    0    0     0     0 1684  628  3  2 95  0  1  0
 1  0      0 382188   7416 291488    0    0     0     0 1765  666  3  2 95  0  1  0
 1  0      0 382188   7416 291488    0    0     0     0 1768  636  3  2 95  0  1  0
 1  0      0 383064   7448 291552    0    0     0   136 1942  907  3  3 93  1  1  0
 0  0      0 382992   7448 291568    0    0     0     0 1738  670  3  2 95  0  1  0
 1  0      0 383072   7464 291592    0    0     0   256 1814  732  3  2 93  2  1  0
 0  0      0 382976   7464 291608    0    0     0     0 1802  676  3  2 94  0  1  0
 0  0      0 382976   7464 291608    0    0     0     0 1776  656  3  2 94  0  1  0
 0  0      0 382976   7464 291608    0    0     0     8 1778  673  3  3 94  0  1  0
 0  0      0 382976   7464 291608    0    0     0     0 1742  655  3  2 95  0  1  0
 0  0      0 382976   7464 291608    0    0     0     0 1776  662  2  1 96  0  1  0
 0  0      0 382976   7464 291608    0    0     0     0 1815  702  3  3 94  0  1  0
 0  0      0 382976   7464 291608    0    0     0    76 1806  680  3  2 95  0  1  0
 0  0      0 382976   7464 291608    0    0     0     0 1761  656  2  2 96  0  1  0
 0  0      0 382976   7464 291608    0    0     0     0 1938  780  3  2 95  0  1  0
 0  0      0 382976   7464 291608    0    0     0     0 1893  644  3  1 96  0  1  0
 0  0      0 382976   7464 291608    0    0     0     0 1922  652  3  3 93  0  1  0
 1  0      0 382976   7464 291608    0    0     0     0 1830  643  3  1 95  0  1  0
 0  0      0 382976   7464 291608    0    0     0     0 1790  649  2  3 95  0  1  0
 0  0      0 382976   7464 291608    0    0     0     0 1739  648  3  2 95  0  0  0
 1  0      0 382976   7464 291608    0    0     0     0 1747  650  2  2 95  0  1  0
 0  0      0 382976   7464 291608    0    0     0     0 1815  705  3  1 96  0  1  0
 0  0      0 382976   7464 291608    0    0     0     0 1828  667  2  2 96  0  0  0
 0  0      0 382976   7464 291608    0    0     0     0 1845  635  3  2 95  0  1  0
 0  0      0 382976   7464 291608    0    0     0     0 1897  660  2  1 97  0  0  0
 0  0      0 382976   7464 291608    0    0     0     0 1906  689  3  3 94  0  1  0
 0  0      0 382976   7464 291608    0    0     0     0 1935  700  2  2 96  0  1  0
 0  0      0 382976   7480 291600    0    0     0  1492  208  114  0  0 98  1  0  0
 0  0      0 382976   7480 291608    0    0     0     0   52   46  0  0 100  0  0  0
 0  0      0 382976   7480 291608    0    0     0     0   70   55  0  0 100  0  0  0
 0  0      0 382976   7480 291608    0    0     0     0   49   39  0  0 100  0  0  0
