procs -----------memory---------- ---swap-- -----io---- -system-- -------cpu-------
 r  b   swpd   free   buff  cache   si   so    bi    bo   in   cs us sy id wa st gu
 1  0      0 377684   7512 291644    0    0   297   384  979    2  3  2 94  1  0  0
 0  0      0 377588   7512 291644    0    0     0     0 2259 1078  4  2 93  0  0  0
 0  0      0 377588   7512 291636    0    0     0     0 4579 2297  7  4 89  0  0  0
 0  0      0 377588   7512 291636    0    0     0     0 4380 2159  7  4 89  0  1  0
 1  0      0 377588   7512 291636    0    0     0     0 4344 2127  7  3 91  0  0  0
 0  0      0 377588   7520 291628    0    0     0  1312 4330 2153  7  3 89  1  1  0
 1  0      0 377588   7520 291636    0    0     0     4 4230 2120  7  4 89  0  0  0
 1  0      0 377588   7520 291636    0    0     0     0 4399 2119  7  4 89  0  1  0
 0  0      0 377588   7520 291636    0    0     0     0 4446 2126  7  5 89  0  0  0
 0  0      0 377588   7520 291636    0    0     0     0 4535 2117  7  3 90  0  1  0
 0  0      0 377588   7520 291636    0    0     0   496 4649 2287  6  4 90  1  0  0
 0  0      0 377588   7520 291628    0    0     0     0 4216 2127  7  3 90  0  0  0
 0  0      0 377588   7520 291628    0    0     0     0 4365 2104  7  4 89  0  1  0
 0  0      0 377588   7520 291628    0    0     0     0 4214 2124  6  3 91  0  0  0
 1  0      0 377588   7520 291628    0    0     0     0 4494 2114  7  4 89  0  1  0
 0  0      0 377588   7520 291628    0    0     0     0 4332 2159  7  3 90  0  0  0
 0  0      0 377588   7520 291628    0    0     0     0 4174 2109  7  3 89  0  0  0
 0  0      0 377588   7520 291628    0    0     0     0 4277 2239  7  4 90  0  0  0
 1  0      0 377588   7520 291624    0    0     0     0 4428 2130  7  3 89  0  1  0
 0  0      0 377588   7520 291624    0    0     0     0 4409 2146  5  3 92  0  0  0
 0  0      0 377588   7520 291624    0    0     0     0 4360 2115  6  3 91  0  0  0
 0  0      0 377588   7520 291624    0    0     0     0 4578 2112  7  3 90  0  1  0
 1  0      0 377588   7520 291624    0    0     0     0 4261 2061  7  3 90  0  0  0
 1  0      0 377588   7520 291624    0    0     0     0 3904 2163  6  4 90  0  1  0
 0  0      0 378904   7520 291616    0    0     0     0 4003 2280  7  3 90  0  0  0
 0  0      0 378904   7520 291616    0    0     0     0 3971 2116  7  3 90  0  0  0
 0  0      0 378904   7520 291616    0    0     0     0 4402 2095  6  4 90  0  1  0
 0  0      0 378904   7520 291616    0    0     0     0 4377 2109  7  4 90  0  0  0
 0  0      0 378904   7520 291616    0    0     0     0 4550 2117  7  3 89  0  1  0
 0  0      0 378904   7520 291616    0    0     0     0 4555 2107  7  3 91  0  0  0
 0  0      0 378904   7520 291616    0    0     0     0 4602 2126  7  3 91  0  0  0
 0  0      0 378904   7520 291616    0    0     0     0 4327 2113  7  3 90  0  1  0
 0  0      0 378904   7520 291616    0    0     0     0 4355 2109  6  4 90  0  0  0
 0  0      0 378904   7520 291616    0    0     0     0 4428 2120  6  3 90  0  1  0
 0  0      0 378904   7520 291616    0    0     0     0 4331 2118  8  4 89  0  0  0
 1  0      0 378904   7520 291616    0    0     0     0 4463 2132  7  4 89  0  1  0
 1  0      0 378904   7520 291616    0    0     0     4 4348 2115  7  4 89  0  0  0
 0  0      0 378904   7528 291608    0    0     0    40 4441 2114  7  3 90  0  0  0
 0  0      0 378904   7528 291616    0    0     0     0 4437 2113  7  3 90  0  1  0
 0  0      0 378904   7528 291616    0    0     0     0 4520 2117  8  3 89  0  0  0
 0  0      0 378904   7528 291616    0    0     0     0 4376 2141  6  4 89  0  0  0
 0  0      0 378904   7528 291616    0    0     0  1600 4457 2143  7  3 89  1  0  0
 1  0      0 378904   7528 291616    0    0     0     0 4350 2111  7  3 90  0  1  0
 0  0      0 378904   7528 291616    0    0     0     0 4084 2110  6  4 90  0  0  0
 0  0      0 378904   7528 291616    0    0     0     0 4348 2134  6  3 91  0  1  0
 0  0      0 378904   7528 291616    0    0     0     0 4380 2136  7  4 90  0  0  0
 0  0      0 378904   7528 291616    0    0     0     0 2210 1081  3  2 95  0  0  0
 0  0      0 378904   7528 291616    0    0     0     0   71   89  0  0 100  0  0  0
 0  0      0 378904   7528 291616    0    0     0     0   52   32  0  0 100  0  0  0
 0  0      0 378904   7528 291616    0    0     0     0  105  152  0  0 100  0  0  0
