procs -----------memory---------- ---swap-- -----io---- -system-- -------cpu-------
 r  b   swpd   free   buff  cache   si   so    bi    bo   in   cs us sy id wa st gu
 1  0      0 383452   7392 291484    0    0   329   422  999    2  3  2 94  1  0  0
 0  0      0 383452   7392 291484    0    0     0     0  447  169  1  1 98  0  0  0
 0  0      0 383452   7392 291484    0    0     0     0  742  247  1  1 98  0  1  0
 0  0      0 383452   7392 291484    0    0     0     0  760  240  1  1 98  0  0  0
 0  0      0 383452   7392 291484    0    0     0     0  706  232  1  1 98  0  1  0
 0  0      0 383452   7392 291484    0    0     0     0  707  243  1  1 98  0  0  0
 0  0      0 383452   7392 291484    0    0     0     0  785  275  1  1 97  0  1  0
 0  0      0 383452   7392 291484    0    0     0     0  730  247  2  1 98  0  0  0
 0  0      0 383452   7392 291484    0    0     0     0  711  240  1  1 98  0  1  0
 0  0      0 383452   7392 291484    0    0     0     0  721  242  1  1 98  0  1  0
 0  0      0 383452   7392 291484    0    0     0     0  749  282  1  1 97  0  1  0
 0  0      0 383452   7392 291484    0    0     0     0  716  257  1  1 98  0  0  0
 0  0      0 383452   7392 291484    0    0     0     0  688  225  1  1 98  0  1  0
 0  0      0 383452   7392 291484    0    0     0     0  707  241  1  1 98  0  1  0
 0  0      0 383452   7392 291484    0    0     0     0  724  246  1  1 97  0  1  0
 0  0      0 383452   7392 291484    0    0     0     0  702  237  1  1 98  0  1  0
 0  0      0 383452   7392 291484    0    0     0     0  685  233  1  1 98  0  1  0
 0  0      0 383452   7392 291484    0    0     0     0  687  227  2  1 98  0  1  0
 0  0      0 383452   7392 291484    0    0     0     0  668  228  1  0 99  0  0  0
 0  0      0 383452   7392 291484    0    0     0     0  587  230  1  1 98  0  0  0
 0  0      0 383452   7392 291484    0    0     0     0  561  235  1  1 98  0  1  0
 0  0      0 386920   7400 291476    0    0     0  1872  751  491  2  1 95  2  1  0
 0  0      0 386976   7400 291476    0    0     0     0  639  274  1  1 99  0  0  0
 0  0      0 386976   7400 291476    0    0     0     0  589  241  1  1 97  0  0  0
 0  0      0 386976   7400 291476    0    0     0     0  593  227  1  1 98  0  1  0
 0  0      0 386976   7400 291476    0    0     0     0  616  235  1  1 98  0  0  0
 0  0      0 386976   7400 291476    0    0     0     4  630  272  1  1 98  0  1  0
 0  0      0 386976   7400 291476    0    0     0     0  559  232  1  1 98  0  0  0
 0  0      0 386976   7400 291476    0    0     0     0  605  245  1  1 98  0  0  0
 0  0      0 386976   7400 291476    0    0     0     0  616  228  1  1 98  0  0  0
 0  0      0 386976   7400 291476    0    0     0     0  602  270  2  0 98  0  1  0
 0  0      0 386976   7400 291476    0    0     0     0  612  247  1  1 97  0  0  0
 0  0      0 386976   7400 291476    0    0     0     0  590  239  1  1 98  0  0  0
 0  0      0 386976   7400 291476    0    0     0     0  583  231  1  1 98  0  1  0
 0  0      0 386976   7400 291476    0    0     0     0  660  257  1  1 98  0  1  0
 0  0      0 386976   7400 291476    0    0     0     0  576  224  1  1 98  0  0  0
 0  0      0 386976   7400 291476    0    0     0     0  548  227  1  1 98  0  0  0
 0  0      0 386976   7400 291476    0    0     0     0  716  251  1  1 97  0  1  0
 0  0      0 386976   7400 291476    0    0     0     0  681  249  2  1 98  0  1  0
 0  0      0 386976   7400 291476    0    0     0     0  639  222  1  1 98  0  1  0
 0  0      0 386976   7400 291476    0    0     0     0  559  241  1  1 98  0  0  0
 0  0      0 386976   7400 291476    0    0     0     0  562  234  1  1 98  0  1  0
 0  0      0 386976   7400 291476    0    0     0     0  547  226  1  1 98  0  0  0
 0  0      0 386976   7400 291476    0    0     0     0  565  235  1  1 98  0  1  0
 0  0      0 386976   7400 291476    0    0     0     0  577  231  1  1 98  0  0  0
 0  0      0 386976   7400 291476    0    0     0     0  569  240  1  1 98  0  1  0
 0  0      0 386908   7400 291476    0    0     0     0  397  177  0  1 99  0  0  0
 0  0      0 386852   7400 291476    0    0     0     0   34   27  0  0 100  0  0  0
 0  0      0 386852   7400 291476    0    0     0     0   46   38  0  0 100  0  0  0
 0  0      0 386852   7400 291476    0    0     0     0   54   42  0  0 100  0  0  0
