procs -----------memory---------- ---swap-- -----io---- -system-- -------cpu-------
 r  b   swpd   free   buff  cache   si   so    bi    bo   in   cs us sy id wa st gu
 3  0      0 823056  18724 429740    0    0   244   531 1592    4 22  3 74  1  0  0
 2  0      0 822804  18724 429744    0    0     0     0 3055 1517 62  4 33  0  1  0
 2  0      0 822564  18724 429744    0    0     0     0 3067 1394 61  5 32  0  2  0
 2  0      0 822564  18724 429744    0    0     0     0 2809 1410 43  4 51  0  1  0
 2  0      0 820548  18724 429744    0    0     0     0 2884 1346 43  5 50  0  3  0
 3  0      0 820548  18724 429744    0    0     0     0 2887 1372 47  5 44  0  3  0
 2  0      0 820548  18724 429744    0    0     0     0 3078 1369 54  4 33  0  8  0
 3  0      0 820548  18724 429744    0    0     0     0 3028 1401 55  4 34  0  6  0
 2  0      0 820548  18724 429744    0    0     0     0 3258 1482 76  5  9  0 10  0
 3  0      0 820036  18724 430256    0    0     0     0 3149 1458 56  5 36  0  3  0
 4  0      0 820036  18724 430252    0    0     0     0 2769 1420 38  5 55  0  2  0
 0  0      0 820036  18724 430252    0    0     0    16 2925 1317 45  4 48  0  3  0
 0  0      0 820036  18724 430252    0    0     0     0 2930 1437 40  5 53  0  1  0
 0  0      0 820036  18724 430252    0    0     0     0 2505 1363 16  5 78  0  1  0
 0  0      0 820036  18724 430252    0    0     0     0 2433 1335 14  4 81  0  0  0
 0  0      0 819796  18724 430252    0    0     0   424 2504 1335 14  5 80  0  1  0
 1  0      0 819796  18724 430252    0    0     0     0 2621 1448 19  4 75  0  1  0
 1  0      0 819976  18724 430252    0    0     0     0 2548 1309 22  4 72  0  1  0
 0  0      0 819976  18724 430252    0    0     0     0 2522 1312 21  5 73  0  0  0
 0  0      0 819736  18732 430252    0    0     0    48 2445 1381 16  4 79  0  0  0
 0  0      0 819736  18732 430244    0    0     0     0 2492 1516 16  4 79  0  0  0
 1  0      0 819736  18732 430244    0    0     0     0 2801 1530 47  5 47  0  1  0
 1  0      0 819736  18732 430244    0    0     0     0 2402 1341 13  4 82  0  0  0
 0  0      0 819736  18732 430244    0    0     0     0 2351 1329 14  4 82  0  0  0
 1  0      0 819736  18732 430244    0    0     0     0 2378 1379 12  5 83  0  0  0
 0  0      0 819736  18732 430244    0    0     0  2376 2404 1367 11  4 83  0  0  0
 0  0      0 819736  18732 430244    0    0     0     0 2401 1348 15  4 81  0  0  0
 2  0      0 819736  18732 430244    0    0     0     0 2334 1313 10  4 86  0  0  0
 2  0      0 819736  18732 430244    0    0     0     0 2517 1338 19  4 77  0  0  0
 1  0      0 819736  18732 430244    0    0     0     0 2706 1353 29  5 66  0  0  0
 1  0      0 819736  18732 430244    0    0     0     0 2478 1400 18  5 77  0  0  0
 2  0      0 819736  18732 430244    0    0     0     0 2357 1341 14  4 82  0  0  0
 0  0      0 819736  18732 430244    0    0     0     0 2649 1359 28  5 67  0  0  0
 0  0      0 819736  18732 430244    0    0     0     0 2338 1328 13  4 83  0  0  0
 0  0      0 819496  18732 430244    0    0     0     0 2676 1427 28  5 67  0  0  0
 1  0      0 819272  18732 430244    0    0     0     0 2316 1306 11  5 84  0  0  0
 1  0      0 819272  18732 430244    0    0     0     0 2301 1301 11  5 84  0  0  0
 0  0      0 819272  18732 430244    0    0     0     0 2306 1287 11  4 84  0  0  0
 1  0      0 819272  18732 430244    0    0     0     0 2300 1295 10  5 85  0  0  0
 0  0      0 819272  18732 430244    0    0     0     0 2313 1372 10  4 85  0  0  0
 0  0      0 819020  18732 430244    0    0     0     0 2345 1278 12  4 83  0  0  0
 0  0      0 819020  18732 430244    0    0     0    16 2307 1293 11  4 84  0  0  0
 1  0      0 819020  18732 430244    0    0     0     0 2326 1293 11  5 83  0  0  0
 1  0      0 818772  18732 430244    0    0     0     0 2348 1366 14  4 81  0  0  0
 0  0      0 818772  18732 430244    0    0     0     0  431  311  1  0 99  0  0  0
 0  0      0 818772  18732 430244    0    0     0     0  146  123  0  0 100  0  0  0
 0  0      0 818772  18732 430244    0    0     0     0  125  110  0  1 100  0  0  0
 0  0      0 818772  18732 430244    0    0     0     0  137  118  0  0 100  0  0  0
 0  0      0 818772  18732 430244    0    0     0     0  132  110  1  0 100  0  0  0
 0  0      0 818772  18732 430244    0    0     0     0  125  112  0  0 100  0  0  0
