procs -----------memory---------- ---swap-- -----io---- -system-- -------cpu-------
 r  b   swpd   free   buff  cache   si   so    bi    bo   in   cs us sy id wa st gu
 1  0      0 573504  22172 697436    0    0   258   567 1599    4 22  3 74  1  0  0
 1  0      0 571692  22172 697460    0    0     0     0 1451  791 37  2 62  0  0  0
 1  0      0 571692  22172 697460    0    0     0     0 2425 1131 61  3 36  0  0  0
 1  0      0 571692  22172 697460    0    0     0     0 2307  925 60  3 37  0  0  0
 1  0      0 571692  22172 697460    0    0     0     0 2258  917 60  2 38  0  0  0
 1  0      0 571692  22172 697460    0    0     0     0 2270  871 59  3 38  0  0  0
 2  0      0 571692  22172 697460    0    0     0     0 2506 1058 78  3 19  0  0  0
 1  0      0 571692  22172 697460    0    0     0     0 2302  870 60  3 37  0  1  0
 1  0      0 571500  22172 697460    0    0     0     0 2268  833 59  3 38  0  0  0
 1  0      0 571524  22172 697460    0    0     0     0 2238  835 58  4 39  0  0  0
 1  0      0 571524  22172 697460    0    0     0  1724 2278  979 58  3 39  1  0  0
 1  0      0 571524  22172 697460    0    0     0     0 2172  878 53  3 43  0  1  0
 1  0      0 571524  22172 697460    0    0     0     0 2172  913 55  2 43  0  0  0
 1  0      0 571080  22172 697460    0    0     0     0 2228  845 56  4 39  0  0  0
 1  0      0 571032  22172 697460    0    0     0     0 1860  865 33  4 64  0  0  0
 3  0      0 571032  22172 697460    0    0     0     0 2189  775 56  3 41  0  0  0
 1  0      0 571032  22172 697460    0    0     0     0 2014  799 42  3 54  0  0  0
 2  0      0 570528  22172 697460    0    0     0     0 1888  961 32  4 64  0  0  0
 2  0      0 570528  22172 697460    0    0     0     0 1998  814 43  4 53  0  0  0
 3  0      0 570344  22172 697460    0    0     0     0  882  563 31  3 66  0  0  0
 2  0      0 570344  22172 697460    0    0     0     0  886 1437 40  5 55  0  0  0
 3  0      0 568076  22172 697460    0    0     0   368  911  510 37  4 58  0  0  0
 2  0      0 567836  22172 697460    0    0     0     0  896  481 31  2 67  0  0  0
 3  0      0 567836  22172 697460    0    0     0     0  892  449 31  3 66  0  0  0
 2  0      0 567836  22172 697460    0    0     0     0  878  454 31  3 66  0  0  0
 1  0      0 567836  22172 697460    0    0     0     0  905  507 33  3 64  0  0  0
 1  0      0 567836  22180 697460    0    0     0    48  892  531 32  3 65  0  0  0
 1  0      0 567836  22180 697460    0    0     0    16  942  597 40  3 56  0  0  0
 1  0      0 567836  22180 697460    0    0     0     0  904  504 39  3 58  0  0  0
 8  0      0 567836  22180 697460    0    0     0     0  904  518 32  3 65  0  0  0
 1  0      0 567904  22180 697460    0    0     0     0  883  442 30  3 67  0  0  0
 1  0      0 567904  22180 697460    0    0     0     0  906  553 49  4 46  0  1  0
 2  0      0 567904  22180 697460    0    0     0     0  919  506 40  3 56  0  0  0
 1  0      0 567904  22180 697460    0    0     0     0  910  506 39  5 56  0  0  0
 0  0      0 567904  22180 697460    0    0     0     0  973  564 21  4 76  0  0  0
 1  0      0 567904  22180 697460    0    0     0     0 1043  596 25  3 71  0  0  0
 1  0      0 567904  22180 697460    0    0     0     0  879  569 30  3 67  0  0  0
 1  0      0 567652  22180 697460    0    0     0     0 1293  698  8  4 88  0  0  0
 0  0      0 567148  22180 697460    0    0     0     0 1540  835  9  3 88  0  0  0
 1  0      0 567148  22180 697460    0    0     0     0 1848  759 33  4 63  0  0  0
 1  0      0 567216  22180 697460    0    0     0     0  931  543 28  3 68  0  0  0
 1  0      0 566712  22180 697460    0    0     0     0  853  502 40  3 57  0  0  0
 1  0      0 566712  22180 697460    0    0     0     0  880  530 26  3 71  0  0  0
 1  0      0 566712  22180 697460    0    0     0     0  871  483 30  3 67  0  0  0
 1  0      0 566712  22180 697460    0    0     0     0  870  507 37  3 60  0  0  0
 2  0      0 566712  22180 697460    0    0     0     0  894  481 31  3 65  0  1  0
 1  0      0 566472  22180 697460    0    0     0     0  663  387 28  1 71  0  0  0
 0  0      0 566472  22180 697460    0    0     0     0  251  130 10  0 90  0  0  0
 0  0      0 566472  22180 697460    0    0     0     0  120  105  0  1 100  0  0  0
 0  0      0 566472  22180 697460    0    0     0     0  137  119  0  0 100  0  0  0
