procs -----------memory---------- ---swap-- -----io---- -system-- -------cpu-------
 r  b   swpd   free   buff  cache   si   so    bi    bo   in   cs us sy id wa st gu
 1  0      0 809972  18780 430256    0    0   222   487 1639    4 21  3 75  1  0  0
 0  0      0 809972  18780 430264    0    0     0     0  667  708  3  4 94  0  0  0
 2  0      0 809780  18780 430264    0    0     0     0 5674 3735 35  7 57  0  0  0
 1  0      0 809732  18780 430264    0    0     0     0 6910 4444 48  8 43  0  0  0
 0  0      0 809732  18780 430264    0    0     0     0 7295 4552 37 10 53  0  0  0
 0  0      0 809732  18780 430264    0    0     0     0 6788 4404 55  8 37  0  0  0
 0  0      0 809732  18780 430264    0    0     0     0 7050 4565 42  8 50  0  0  0
 1  0      0 809984  18780 430264    0    0     0     0 7042 4552 36  9 55  0  0  0
 0  0      0 809984  18780 430264    0    0     0     0 6667 4521 50  9 40  0  0  0
 0  0      0 809732  18780 430264    0    0     0    16 6996 4567 37  9 54  0  0  0
 1  0      0 809732  18780 430264    0    0     0     0 7131 4505 43  9 48  0  0  0
 2  0      0 809732  18780 430264    0    0     0     0 7172 4537 35  9 55  0  0  0
 0  0      0 809732  18788 430264    0    0     0    48 6681 4486 55  9 36  0  0  0
 0  0      0 809732  18788 430264    0    0     0     0 7175 4552 38  9 53  0  0  0
 1  0      0 809732  18788 430264    0    0     0     0 6933 4583 36  9 55  0  0  0
 2  0      0 809540  18788 430264    0    0     0     0 6714 4464 51  8 40  0  0  0
 0  0      0 809492  18788 430264    0    0     0     0 7048 4542 35  9 57  0  0  0
 2  0      0 809492  18788 430264    0    0     0     0 7100 4561 38  9 52  0  0  0
 1  0      0 809268  18788 430264    0    0     0     0 7137 4499 36  9 55  0  0  0
 2  0      0 809268  18788 430264    0    0     0     0 6837 4435 51  8 40  0  0  0
 0  0      0 809268  18788 430264    0    0     0     0 6949 4575 36  8 55  0  0  0
 1  0      0 809268  18788 430264    0    0     0     0 7096 4542 36  9 54  0  0  0
 1  0      0 809268  18788 430264    0    0     0     0 6785 4462 54  9 37  0  0  0
 1  0      0 809268  18788 430264    0    0     0     0 7108 4535 38  9 53  0  0  0
 1  0      0 809268  18788 430264    0    0     0     0 7178 4582 38 10 52  0  0  0
 0  0      0 809028  18788 430264    0    0     0     0 6995 4498 36  9 54  0  0  0
 1  0      0 809028  18788 430264    0    0     0     0 6638 4453 59  8 33  0  0  0
 1  0      0 809028  18788 430264    0    0     0     0 6874 4491 44 10 45  0  0  0
 2  0      0 809028  18788 430264    0    0     0     0 6616 4439 54  9 36  0  0  0
 2  0      0 809028  18788 430264    0    0     0     0 7109 4581 35  9 56  0  0  0
 2  0      0 809028  18788 430264    0    0     0     0 6800 4421 45  9 46  0  1  0
 2  0      0 809028  18788 430264    0    0     0  2084 7053 4542 42  9 48  0  0  0
 1  0      0 808788  18788 430264    0    0     0     0 7058 4530 35  8 56  0  0  0
 1  0      0 808788  18792 430312    0    0    52     0 6814 4553 51  9 38  1  0  0
 0  0      0 808788  18792 430312    0    0     0     0 6673 4413 54  9 37  0  0  0
 0  0      0 808788  18792 430312    0    0     0     0 6843 4631 51 10 39  0  0  0
 1  0      0 808788  18792 430312    0    0     0     0 7028 4535 39  9 52  0  0  0
 2  0      0 808788  18792 430312    0    0     0     0 7123 4552 39  9 51  0  1  0
 3  0      0 808788  18792 430312    0    0     0     0 7221 4504 39  8 52  0  0  0
 0  0      0 808788  18792 430312    0    0     0     0 6876 4460 46  9 44  0  0  0
 0  0      0 809068  18792 430312    0    0     0    16 7228 4489 36 10 53  0  1  0
 1  0      0 811000  18808 430296    0    0     0  1996 7047 4608 42  9 48  0  0  0
 0  0      0 811048  18808 430312    0    0     0     0 6731 4378 51 10 39  0  0  0
 1  0      0 811048  18808 430312    0    0     0    48 7130 4608 38  8 53  0  0  0
 4  0      0 810856  18808 430312    0    0     0     0 7300 4523 34  9 57  0  0  0
 8  0      0 810808  18808 430312    0    0     0     0 7074 4533 34  8 58  0  0  0
 2  0      0 810808  18808 430312    0    0     0     0 6699 4339 47  9 43  0  0  0
 0  0      0 810808  18808 430312    0    0     0     0 1829 1197  8  2 90  0  0  0
 0  0      0 810808  18808 430312    0    0     0     0  141  119  0  0 100  0  0  0
 0  0      0 810808  18808 430312    0    0     0     0  141  124  0  0 100  0  0  0
