procs -----------memory---------- ---swap-- -----io---- -system-- -------cpu-------
 r  b   swpd   free   buff  cache   si   so    bi    bo   in   cs us sy id wa st gu
 1  0      0 364908   7552 291664    0    0   278   362 1033    2  3  2 94  1  0  0
 0  0      0 364780   7552 291672    0    0     0     0 1704  894  3  1 96  0  0  0
 0  0      0 364780   7552 291672    0    0     0     0 6299 3340 10  6 84  0  0  0
 1  0      0 364780   7552 291672    0    0     0     0 5824 3261  9  6 84  0  0  0
 0  0      0 364780   7552 291672    0    0     0  1652 5823 3273 10  6 83  1  0  0
 0  0      0 364780   7552 291672    0    0     0     0 6093 3266  9  6 84  0  0  0
 0  0      0 364780   7552 291672    0    0     0     0 5923 3214 10  5 85  0  0  0
 0  0      0 364780   7552 291672    0    0     0     0 5799 3258 10  6 83  0  0  0
 0  0      0 364780   7552 291672    0    0     0     0 6022 3254 10  6 84  0  1  0
 1  0      0 364780   7552 291672    0    0     0     0 6087 3236  9  7 84  0  1  0
 0  0      0 364780   7552 291672    0    0     0     0 6001 3236 10  6 83  0  0  0
 0  0      0 364780   7552 291672    0    0     0     0 5948 3248 10  6 84  0  0  0
 0  0      0 364780   7552 291672    0    0     0     0 5813 3255 10  5 84  0  0  0
 1  0      0 364780   7552 291672    0    0     0     0 5942 3385 11  6 82  0  0  0
 0  0      0 364780   7552 291672    0    0     0     0 6125 3249 10  6 84  0  1  0
 0  0      0 364780   7552 291672    0    0     0     0 5976 3239 10  5 84  0  0  0
 0  0      0 364780   7552 291672    0    0     0     0 5785 3225  9  7 84  0  0  0
 0  0      0 364780   7552 291672    0    0     0     0 6181 3243 10  6 84  0  1  0
 0  0      0 364780   7552 291672    0    0     0     0 6063 3244 10  6 84  0  0  0
 0  0      0 364780   7552 291672    0    0     0     0 6002 3244 10  5 84  0  0  0
 0  0      0 364780   7552 291672    0    0     0     0 6042 3244 11  5 85  0  0  0
 0  0      0 364780   7552 291672    0    0     0     0 5799 3234 10  6 84  0  0  0
 0  0      0 364700   7568 291656    0    0     0  1064 6025 3313  8  6 85  1  0  0
 1  0      0 364668   7568 291672    0    0     0     0 5971 3260 10  7 82  0  0  0
 2  0      0 364668   7568 291672    0    0     0     0 5831 3234  9  6 85  0  0  0
 0  0      0 364668   7568 291672    0    0     0     4 5814 3240 10  5 84  0  0  0
 0  0      0 364668   7568 291672    0    0     0     0 5946 3237  9  6 84  0  0  0
 1  0      0 364668   7568 291672    0    0     0     0 5658 3256  9  6 85  0  1  0
 1  0      0 364668   7568 291672    0    0     0     0 5838 3259  9  7 84  0  0  0
 0  0      0 364668   7568 291672    0    0     0     0 5825 3247  9  6 84  0  0  0
 1  0      0 364668   7568 291672    0    0     0     0 6006 3259  9  7 84  0  0  0
 0  0      0 364668   7568 291672    0    0     0     0 5751 3242 10  5 85  0  1  0
 1  0      0 364668   7568 291672    0    0     0     0 6009 3244  9  6 84  0  0  0
 0  0      0 364668   7568 291672    0    0     0     0 5680 3246  9  6 86  0  0  0
 0  0      0 364668   7568 291672    0    0     0     0 6067 3219 10  6 85  0  1  0
 1  0      0 364668   7568 291672    0    0     0     0 5852 3260  9  7 83  0  0  0
 0  0      0 364668   7568 291672    0    0     0     0 6092 3233 11  7 82  0  0  0
 0  0      0 364668   7568 291672    0    0     0     0 5817 3245  9  7 85  0  0  0
 1  0      0 364668   7568 291672    0    0     0     0 5932 3233 10  7 82  0  0  0
 0  0      0 364668   7568 291672    0    0     0     0 6093 3259 10  6 85  0  0  0
 0  0      0 364668   7568 291672    0    0     0     0 5854 3259  9  7 84  0  1  0
 0  0      0 364668   7568 291672    0    0     0     0 5931 3221 10  6 84  0  0  0
 1  0      0 364668   7568 291672    0    0     0     0 6058 3244 10  7 83  0  0  0
 0  0      0 364668   7568 291672    0    0     0     0 5884 3260  9  6 85  0  1  0
 1  0      0 364668   7568 291672    0    0     0     8 5947 3240  9  6 84  0  0  0
 0  0      0 364668   7568 291672    0    0     0     0 5826 3238 10  6 84  0  0  0
 0  0      0 364668   7568 291672    0    0     0     0 4282 2358  6  4 90  0  0  0
 0  0      0 364668   7568 291672    0    0     0     0   61   49  0  0 100  0  0  0
 0  0      0 364668   7568 291672    0    0     0     0  108   74  0  1 99  0  0  0
 0  0      0 364668   7568 291672    0    0     0     0   56   43  0  0 100  0  0  0
