procs -----------memory---------- ---swap-- -----io---- -system-- -------cpu-------
 r  b   swpd   free   buff  cache   si   so    bi    bo   in   cs us sy id wa st gu
 1  0      0 810816  18764 430252    0    0   229   500 1635    4 21  3 75  1  0  0
 1  0      0 810940  18764 430252    0    0     0     0 2463 1305 28  4 68  0  1  0
 1  0      0 811712  18764 430252    0    0     0     0 3245 1763 18  5 77  0  0  0
 0  0      0 811756  18764 430252    0    0     0     0 3089 1744 17  4 78  0  0  0
 2  0      0 811648  18764 430252    0    0     0     0 3289 1865 39  6 55  0  0  0
 0  0      0 811740  18764 430252    0    0     0     0 3125 1714 15  5 79  0  0  0
 1  0      0 811488  18764 430252    0    0     0     0 3112 1673 16  4 80  0  0  0
 1  0      0 811488  18764 430252    0    0     0     0 3145 1758 15  5 79  0  0  0
 1  0      0 811488  18764 430252    0    0     0     0 3043 1685 14  5 81  0  0  0
 0  0      0 811236  18764 430252    0    0     0     0 3071 1693 15  5 79  0  0  0
 1  0      0 811320  18764 430252    0    0     0     0 3108 1658 20  5 74  0  0  0
 2  0      0 811356  18764 430252    0    0     0     0 3099 1682 18  5 77  0  0  0
 0  0      0 811356  18764 430252    0    0     0     0 3057 1663 15  5 80  0  0  0
 0  0      0 811116  18764 430252    0    0     0     0 3162 1710 22  5 72  0  0  0
 0  0      0 811116  18764 430252    0    0     0     0 3332 1826 30  5 65  0  0  0
 0  0      0 812392  18764 430252    0    0     0     0 2960 1697 14  4 81  0  0  0
 0  0      0 812392  18764 430252    0    0     0     0 3080 1680 15  5 80  0  0  0
 0  0      0 812392  18764 430252    0    0     0     0 3049 1758 15  4 81  0  0  0
 0  0      0 812200  18764 430252    0    0     0     0 3042 1681 15  5 79  0  0  0
 0  0      0 812152  18764 430252    0    0     0     0 3103 1812 18  5 78  0  0  0
 1  0      0 812152  18764 430252    0    0     0     0 3053 1645 23  5 73  0  0  0
 0  0      0 812152  18764 430252    0    0     0     0 3055 1719 17  5 78  0  0  0
 0  0      0 812152  18764 430252    0    0     0     0 3111 1740 17  4 78  0  0  0
 0  0      0 812152  18764 430252    0    0     0     0 3060 1716 15  5 79  0  0  0
 0  0      0 812152  18764 430252    0    0     0     0 3313 1809 35  5 60  0  0  0
 0  0      0 812152  18764 430252    0    0     0     0 3066 1676 15  5 80  0  0  0
 0  0      0 812152  18764 430252    0    0     0     0 3067 1704 16  5 79  0  0  0
 0  0      0 812152  18764 430252    0    0     0     0 3017 1665 14  6 79  0  0  0
 0  0      0 812152  18764 430252    0    0     0     0 3024 1682 14  5 80  0  0  0
 0  0      0 812152  18772 430252    0    0     0    64 3158 1714 16  4 79  0  0  0
 0  0      0 812152  18772 430252    0    0     0  2028 3421 1685 46  6 48  0  0  0
 0  0      0 812152  18772 430252    0    0     0     0 3206 1748 19  5 75  0  0  0
 0  0      0 812152  18772 430252    0    0     0     0 3035 1639 15  5 80  0  0  0
 0  0      0 812152  18772 430252    0    0     0     0 3033 1674 16  6 78  0  0  0
 1  0      0 812152  18772 430252    0    0     0     0 3299 1846 29  4 66  0  0  0
 0  0      0 812152  18772 430252    0    0     0     0 2995 1660 17  5 77  0  0  0
 1  0      0 812152  18772 430252    0    0     0     0 2977 1687 14  4 81  0  0  0
 1  0      0 812152  18772 430252    0    0     0     0 2954 1691 14  5 80  0  0  0
 1  0      0 812152  18772 430252    0    0     0     0 3052 1714 16  5 78  0  0  0
 1  0      0 811912  18772 430252    0    0     0     0 3136 1721 17  5 78  0  0  0
 0  0      0 812096  18772 430252    0    0     0     0 3048 1710 14  4 81  0  0  0
 1  0      0 812096  18772 430252    0    0     0     0 3047 1724 16  4 80  0  0  0
 2  0      0 812096  18772 430252    0    0     0     0 2920 1633 14  5 80  0  0  0
 0  0      0 812096  18772 430252    0    0     0     0 2966 1667 15  5 80  0  0  0
 2  0      0 812096  18772 430252    0    0     0     0 3106 1714 24  5 71  0  0  0
 1  0      0 812220  18772 430252    0    0     0     0 3205 1722 23  5 72  0  0  0
 0  0      0 812156  18772 430252    0    0     0     0 1333  736  6  2 92  0  0  0
 0  0      0 812156  18772 430252    0    0     0     0  129  114  0  0 100  0  0  0
 0  0      0 812156  18772 430252    0    0     0     0  120  104  0  1 100  0  0  0
 0  0      0 812156  18772 430252    0    0     0     0  155  133  0  0 100  0  0  0
