procs -----------memory---------- ---swap-- -----io---- -system-- -------cpu-------
 r  b   swpd   free   buff  cache   si   so    bi    bo   in   cs us sy id wa st gu
 1  0      0 378348   7536 291636    0    0   287   373 1024    2  3  2 94  1  0  0
 0  0      0 378316   7536 291644    0    0     0     0 1375  614  2  1 97  0  0  0
 0  0      0 378316   7536 291644    0    0     0     0 2505 1109  4  3 94  0  0  0
 0  0      0 378316   7536 291644    0    0     0     0 2307 1088  3  1 96  0  0  0
 0  1      0 378316   7536 291644    0    0     0  1404 2356 1145  4  2 93  1  1  0
 0  0      0 378316   7536 291644    0    0     0   296 2359 1123  3  2 95  0  0  0
 0  0      0 378316   7536 291644    0    0     0     0 2449 1092  4  1 95  0  0  0
 0  0      0 378316   7536 291644    0    0     0     0 2520 1106  4  2 95  0  0  0
 0  0      0 378316   7536 291644    0    0     0     0 2444 1094  3  2 95  0  1  0
 0  0      0 378316   7536 291644    0    0     0     0 2438 1111  3  2 95  0  0  0
 1  0      0 378316   7536 291644    0    0     0     0 2432 1128  4  2 94  0  0  0
 0  0      0 378316   7536 291644    0    0     0     0 2215 1109  4  1 95  0  0  0
 1  0      0 378316   7536 291644    0    0     0     0 2276 1115  3  2 95  0  1  0
 1  0      0 378316   7536 291644    0    0     0     0 2301 1095  4  2 95  0  0  0
 0  0      0 378316   7536 291644    0    0     0     0 2283 1100  3  2 95  0  0  0
 0  0      0 378316   7536 291644    0    0     0     0 2209 1107  4  2 94  0  1  0
 0  0      0 378316   7536 291644    0    0     0     0 2203 1088  4  2 94  0  0  0
 0  0      0 378316   7536 291644    0    0     0     8 2220 1117  4  2 95  0  0  0
 1  0      0 378316   7536 291644    0    0     0     0 2235 1099  4  2 95  0  0  0
 1  0      0 378316   7536 291644    0    0     0     0 2243 1135  4  2 94  0  1  0
 1  0      0 378316   7536 291644    0    0     0     0 2269 1129  4  2 94  0  0  0
 0  0      0 378316   7536 291644    0    0     0     0 2375 1109  4  1 95  0  0  0
 0  0      0 378316   7536 291644    0    0     0     0 2463 1182  4  1 95  0  0  0
 0  0      0 378316   7536 291644    0    0     0     0 2386 1089  5  2 94  0  1  0
 1  0      0 378316   7536 291644    0    0     0     0 2270 1144  4  2 94  0  0  0
 0  0      0 378316   7544 291636    0    0     0    48 2353 1145  4  2 94  0  0  0
 1  0      0 378316   7544 291644    0    0     0     0 2259 1092  5  2 94  0  0  0
 0  0      0 378316   7544 291644    0    0     0     0 2260 1101  4  2 94  0  1  0
 1  0      0 378316   7544 291644    0    0     0     0 2334 1095  4  2 95  0  0  0
 0  0      0 378316   7544 291644    0    0     0     0 2464 1160  4  2 95  0  0  0
 0  0      0 378316   7544 291644    0    0     0     0 2486 1139  4  2 95  0  0  0
 0  0      0 378316   7544 291644    0    0     0     0 2434 1106  3  1 96  0  0  0
 0  0      0 378316   7544 291644    0    0     0     0 2414 1119  4  2 94  0  1  0
 1  0      0 378316   7544 291644    0    0     0     0 2356 1094  3  2 95  0  0  0
 0  0      0 378316   7544 291644    0    0     0     0 2308 1115  4  2 94  0  0  0
 0  0      0 378316   7544 291644    0    0     0     0 2247 1098  4  1 94  0  1  0
 0  0      0 378316   7544 291644    0    0     0     0 2207 1100  4  2 94  0  0  0
 0  0      0 378316   7544 291644    0    0     0     0 2234 1098  4  1 95  0  0  0
 0  0      0 378316   7544 291644    0    0     0     0 2221 1098  4  2 94  0  0  0
 0  0      0 378316   7544 291644    0    0     0     0 2249 1125  4  2 94  0  0  0
 0  0      0 378316   7544 291644    0    0     0     0 2192 1099  4  2 94  0  1  0
 0  0      0 378316   7544 291644    0    0     0     0 2299 1108  3  2 95  0  0  0
 0  0      0 378316   7544 291644    0    0     0     0 2123 1105  4  2 95  0  0  0
 0  0      0 378316   7544 291644    0    0     0     0 2223 1093  4  2 95  0  0  0
 0  0      0 378316   7544 291644    0    0     0     0 2327 1113  4  2 94  0  1  0
 0  0      0 378316   7544 291644    0    0     0     0 2457 1113  3  2 95  0  0  0
 0  0      0 378316   7544 291644    0    0     0     0 1213  548  2  1 98  0  0  0
 0  0      0 378316   7544 291644    0    0     0     0   40   34  0  0 100  0  0  0
 0  0      0 378316   7544 291644    0    0     0     0   57   51  0  0 100  0  0  0
 0  0      0 378316   7544 291644    0    0     0     0   62   45  0  0 100  0  0  0
