procs -----------memory---------- ---swap-- -----io---- -system-- -------cpu-------
 r  b   swpd   free   buff  cache   si   so    bi    bo   in   cs us sy id wa st gu
 1  0      0 798192  12528 471568    0    0   234   342 2214    9 24  4 72  1  0  0
 0  0      0 798192  12528 471568    0    0     0     0  326  219  7  1 93  0  0  0
20  0      0 798192  12528 471568    0    0     0     0 7578 6660 78 12 10  0  0  0
21  0      0 798192  12528 471568    0    0     0     0 8225 6283 85 14  0  0  0  0
22  0      0 798192  12528 471568    0    0     0     0 8400 6596 87 13  0  0  0  0
19  0      0 798192  12528 471568    0    0     0     0 8352 6348 86 14  0  0  0  0
17  0      0 797952  12528 471568    0    0     0     0 8364 6699 86 14  0  0  0  0
20  0      0 797952  12528 471568    0    0     0     0 8684 6919 86 15  0  0  0  0
21  0      0 797952  12528 471568    0    0     0     0 8645 6703 83 16  0  0  0  0
15  0      0 797952  12528 471568    0    0     0     0 8414 6439 85 15  0  0  0  0
18  0      0 797952  12528 471568    0    0     0     0 8198 6266 86 13  0  0  0  0
18  0      0 797952  12528 471568    0    0     0     0 8549 6899 83 18  0  0  0  0
22  0      0 750576  12528 471568    0    0     0     0 8548 6702 83 17  0  0  0  0
25  0      0 707820  12528 471568    0    0     0     0 8329 6552 80 20  0  0  0  0
26  0      0 707548  12528 471568    0    0     0     0 9001 6919 85 15  0  0  0  0
16  0      0 706792  12528 471568    0    0     0     0 8973 7312 84 16  0  0  0  0
21  0      0 706552  12544 471552    0    0     0  2084 8841 7191 84 16  0  0  0  0
15  0      0 706552  12544 471568    0    0     0     0 8954 7322 84 17  0  0  0  0
22  0      0 706552  12544 471568    0    0     0     0 9174 7095 84 16  0  0  0  0
21  0      0 706552  12544 471568    0    0     0     0 9094 7149 85 15  0  0  0  0
16  0      0 706552  12544 471568    0    0     0    16 8948 7719 84 17  0  0  0  0
27  0      0 704536  12544 471568    0    0     0     0 9099 7443 82 18  0  0  0  0
18  0      0 704536  12544 471568    0    0     0     0 9271 7164 82 18  0  0  0  0
14  0      0 704536  12544 471568    0    0     0     0 9030 7154 85 15  0  0  0  0
17  0      0 704536  12544 471568    0    0     0     0 9177 7435 80 20  1  0  0  0
19  0      0 704536  12544 471568    0    0     0     0 4647 6751 84 16  0  0  0  0
14  0      0 704536  12544 471568    0    0     0     0 1977 7449 82 18  0  0  0  0
23  0      0 704536  12544 471568    0    0     0     0 1972 1422 88 12  0  0  0  0
23  0      0 704536  12544 471568    0    0     0     0 1927 1111 86 14  0  0  0  0
21  0      0 704536  12544 471568    0    0     0     0 2003 1193 88 12  0  0  0  0
19  0      0 704536  12544 471568    0    0     0     8 1805 8504 84 16  0  0  0  0
28  0      0 704536  12544 471568    0    0     0     0 1546 10964 86 14  0  0  0  0
20  0      0 704536  12544 471568    0    0     0     0 1857 1188 86 14  0  0  0  0
15  0      0 704536  12544 471568    0    0     0     0 1953 1098 86 14  0  0  0  0
16  0      0 704536  12544 471568    0    0     0     0 1968 5324 88 12  0  0  0  0
21  0      0 704536  12544 471568    0    0     0     0 1636  967 86 14  0  0  0  0
22  0      0 703588  12544 471568    0    0     0     0 1883 4218 86 12  0  0  2  0
21  0      0 703540  12544 471568    0    0     0     0 1904 6543 84 16  0  0  0  0
20  0      0 703572  12544 471568    0    0     0     0 1619 14942 84 16  0  0  0  0
20  0      0 703332  12544 471568    0    0     0     0 2120 1429 82 18  0  0  0  0
13  0      0 703332  12544 471568    0    0     0     0 1723 12348 88 12  0  0  0  0
23  0      0 703332  12544 471568    0    0     0     0 1865 1161 84 16  0  0  0  0
19  0      0 703332  12544 471568    0    0     0     0 1788 3909 86 14  0  0  0  0
20  0      0 703332  12544 471568    0    0     0     0 1843 1275 82 18  0  0  0  0
21  0      0 703332  12544 471568    0    0     0     0 1853 13001 82 18  0  0  0  0
11  0      0 703332  12544 471568    0    0     0     0 1660  991 83 15  2  0  0  0
21  0      0 703332  12544 471568    0    0     0     0 1886 9061 84 16  0  0  0  0
22  0      0 703080  12544 471568    0    0     0     0 1738 1066 88 12  0  0  0  0
16  0      0 703080  12544 471568    0    0     0    20 1854 1272 88 12  0  0  0  0
17  0      0 701568  12544 471568    0    0     0     0 1938 3929 83 17  0  0  0  0
15  0      0 701568  12552 471560    0    0     0    28 2089 1360 84 16  0  0  0  0
17  0      0 701568  12552 471568    0    0     0     0 1894 10116 86 14  0  0  0  0
21  0      0 701568  12552 471568    0    0     0     0 1876 1142 84 16  0  0  0  0
18  0      0 701568  12552 471568    0    0     0     0 1857 1135 86 14  0  0  0  0
18  0      0 701568  12552 471568    0    0     0     0 1646 2659 90 10  0  0  0  0
19  0      0 701568  12552 471568    0    0     0     0 1918 1419 83 15  2  0  0  0
13  0      0 701568  12552 471568    0    0     0     0 2089 1457 80 20  0  0  0  0
17  0      0 701568  12552 471568    0    0     0     0 1953 5958 82 18  0  0  0  0
22  0      0 701568  12560 471560    0    0     0    20 1805 1204 82 18  0  0  0  0
22  0      0 701568  12560 471568    0    0     0     0 1981 1270 84 16  0  0  0  0
19  0      0 701568  12560 471568    0    0     0     0 2047 7069 86 12  2  0  0  0
 3  0      0 701568  12560 471568    0    0     0     0 2024 1318 86 14  0  0  0  0
 1  0      0 701568  12560 471568    0    0     0     0  625  387 22  2 76  0  0  0
 1  0      0 701568  12560 471568    0    0     0     0  317   92 20  0 80  0  0  0
 1  0      0 701568  12560 471568    0    0     0     0  312   81 20  0 80  0  0  0
