procs -----------memory---------- ---swap-- -----io---- -system-- -------cpu-------
 r  b   swpd   free   buff  cache   si   so    bi    bo   in   cs us sy id wa st gu
 1  0      0 7425100  19704 377352    0    0  1062    90 1176    3  3  2 92  3  0  0
 0  0      0 7425100  19704 377352    0    0     0     0 4079 2134  5  4 91  0  1  0
 0  0      0 7425100  19704 377352    0    0     0     0 5268 2782  7  6 86  0  1  0
 1  0      0 7425100  19704 377352    0    0     0     0 5604 2844  9  6 85  0  1  0
 0  0      0 7425100  19704 377352    0    0     0  4556 5911 3110  8  6 84  1  1  0
 1  0      0 7425100  19704 377352    0    0     0     8 5975 3151 10  8 80  0  2  0
 0  0      0 7425100  19704 377352    0    0     0     0 5770 3033 11  6 82  0  2  0
 0  0      0 7425100  19704 377352    0    0     0     0 5449 2773  8  6 86  0  1  0
 0  0      0 7425100  19704 377352    0    0     0     0 5618 2889  8  7 84  0  1  0
 0  0      0 7425100  19704 377352    0    0     0     0 6423 3435 10  7 82  0  2  0
 0  0      0 7425100  19704 377352    0    0     0     0 6230 3183  8  8 84  0  1  0
 2  0      0 7425100  19704 377352    0    0     0     0 5260 2691  8  6 85  0  1  0
 1  0      0 7425100  19704 377352    0    0     0     0 5944 3057 10  8 78  0  5  0
 3  0      0 7425100  19704 377352    0    0     0     0 6485 3356 12  8 74  0  5  0
 0  0      0 7425100  19704 377352    0    0     0     0 5831 3092  8  7 84  0  1  0
 2  0      0 7425100  19704 377352    0    0     0     0 5640 2873  9  6 84  0  1  0
 0  0      0 7425100  19704 377352    0    0     0     0 5852 3009  9  7 84  0  0  0
 0  0      0 7425100  19704 377352    0    0     0     0 6519 3471 12  8 78  0  1  0
 0  0      0 7425100  19704 377352    0    0     0     0 6492 3326 10  8 80  0  1  0
 0  0      0 7425100  19704 377352    0    0     0     0 1028  487  2  1 97  0  0  0
 0  0      0 7425100  19704 377352    0    0     0     0 1262  577  2  1 97  0  1  0
 0  0      0 7425100  19704 377352    0    0     0     0 1024  459  2  1 97  0  0  0
 0  0      0 7425100  19704 377352    0    0     0     0  983  437  2  0 98  0  0  0
 0  0      0 7425100  19704 377352    0    0     0     8 1028  463  2  1 97  0  0  0
 0  0      0 7425100  19704 377352    0    0     0    16 1434  723  2  2 94  0  1  0
 0  0      0 7425100  19704 377352    0    0     0     0 1313  613  2  1 97  0  0  0
 0  0      0 7425100  19712 377352    0    0     0    40 1292  623  2  1 96  0  0  0
 0  0      0 7425100  19712 377352    0    0     0     0 1210  554  2  2 96  0  0  0
 0  0      0 7425100  19712 377352    0    0     0     0 1208  539  2  2 97  0  0  0
 0  0      0 7425100  19712 377352    0    0     0     0 1415  692  2  2 96  0  1  0
 0  0      0 7425100  19712 377352    0    0     0     0 1585  802  3  2 96  0  0  0
 0  0      0 7425100  19712 377352    0    0     0     0  880  391  2  1 98  0  0  0
 0  0      0 7425100  19712 377352    0    0     0     0  909  436  2  1 97  0  0  0
 0  0      0 7425100  19712 377352    0    0     0     0  661  284  1  1 97  0  0  0
 0  0      0 7425100  19712 377352    0    0     0     0 1065  499  2  1 97  0  0  0
 0  0      0 7425100  19712 377352    0    0     0     0 1603  799  2  2 96  0  0  0
 0  0      0 7425100  19712 377352    0    0     0     0 1503  741  3  2 96  0  0  0
 0  0      0 7425100  19712 377352    0    0     0     0 1520  735  2  1 96  0  0  0
 0  0      0 7425100  19712 377352    0    0     0     0 1858  905  3  2 94  0  0  0
 0  0      0 7425100  19712 377352    0    0     0     0 1411  702  2  2 97  0  0  0
 0  0      0 7425100  19712 377352    0    0     0     0 1507  780  2  2 97  0  0  0
 0  0      0 7425100  19712 377352    0    0     0     0 1317  557  2  2 97  0  0  0
 0  0      0 7425100  19712 377352    0    0     0     0 1761  885  4  1 95  0  1  0
 0  0      0 7425100  19712 377352    0    0     0     0  961  432  2  2 97  0  0  0
 0  0      0 7425100  19712 377352    0    0     0     0 1215  597  2  1 97  0  0  0
 0  0      0 7425100  19712 377352    0    0     0     0  931  418  1  1 98  0  0  0
 0  0      0 7425100  19712 377352    0    0     0     0  888  392  1  1 98  0  0  0
 0  0      0 7425100  19712 377352    0    0     0     0 1164  580  2  1 97  0  0  0
 0  0      0 7425100  19712 377352    0    0     0     0 1342  666  2  2 97  0  1  0
 0  0      0 7425332  19712 377352    0    0     0     0 1716  872  3  2 96  0  0  0
 0  0      0 7425352  19712 377352    0    0     0     0 1747  882  2  2 95  0  0  0
 0  0      0 7425352  19712 377352    0    0     0     0 1678  852  3  2 95  0  0  0
 0  0      0 7425352  19712 377352    0    0     0     0 1619  844  2  1 97  0  0  0
 0  0      0 7425352  19712 377352    0    0     0     0 1689  846  2  2 95  0  0  0
 0  0      0 7425352  19712 377352    0    0     0     0 1547  828  3  2 96  0  0  0
 0  0      0 7425352  19712 377352    0    0     0     0 1234  596  2  1 97  0  0  0
 0  0      0 7425352  19712 377352    0    0     0     0  981  478  1  2 97  0  0  0
 0  0      0 7425352  19712 377352    0    0     0    28 1042  541  2  1 98  0  0  0
 0  0      0 7425352  19712 377352    0    0     0     0 1166  570  2  2 97  0  0  0
 0  0      0 7425352  19712 377352    0    0     0     0 1680  801  2  2 96  0  0  0
 0  0      0 7425352  19712 377352    0    0     0     0 1701  817  3  1 96  0  0  0
 0  0      0 7425352  19712 377352    0    0     0     0  876  426  1  1 98  0  0  0
 0  0      0 7425352  19712 377352    0    0     0     0   64   46  0  0 100  0  0  0
 0  0      0 7425352  19712 377352    0    0     0     0   41   28  0  0 100  0  0  0
 0  0      0 7425352  19712 377352    0    0     0     0   67   50  0  0 100  0  0  0
