procs -----------memory---------- ---swap-- -----io---- -system-- -------cpu-------
 r  b   swpd   free   buff  cache   si   so    bi    bo   in   cs us sy id wa st gu
15  0      0 701200  12568 471572    0    0   227   334 2229    9 24  4 72  1  0  0
11  0      0 701320  12568 471572    0    0     0     0 7746 5130 86 14  0  0  0  0
 9  0      0 701320  12568 471572    0    0     0     0 8017 5337 87 13  1  0  0  0
10  0      0 701320  12568 471572    0    0     0     0 8006 5340 87 13  0  0  0  0
12  0      0 701080  12568 471572    0    0     0     0 7945 5202 87 13  0  0  0  0
11  0      0 701080  12568 471572    0    0     0     0 8242 5515 86 14  1  0  0  0
10  0      0 701080  12568 471572    0    0     0     0 8334 5445 88 12  0  0  0  0
10  0      0 701080  12568 471572    0    0     0     0 8135 5322 89 12  0  0  0  0
12  0      0 701080  12576 471572    0    0     0    48 8025 5211 87 13  0  0  0  0
12  0      0 701080  12576 471572    0    0     0     0 7976 5241 86 13  0  0  0  0
11  0      0 701080  12576 471572    0    0     0     0 8003 5250 87 13  0  0  0  0
11  0      0 701080  12576 471572    0    0     0   320 8119 5408 86 14  1  0  0  0
11  0      0 700840  12576 471572    0    0     0     8 8376 5678 87 13  1  0  0  0
11  0      0 700840  12576 471572    0    0     0     0 8151 5444 86 14  0  0  0  0
 9  0      0 700840  12576 471572    0    0     0     0 8126 5378 86 14  1  0  0  0
10  0      0 700840  12576 471572    0    0     0     0 7937 5159 87 13  0  0  0  0
11  0      0 700840  12576 471572    0    0     0     0 7877 5110 87 13  1  0  0  0
 9  0      0 700840  12576 471572    0    0     0     4 8421 5531 86 13  0  0  0  0
11  0      0 700840  12576 471572    0    0     0     0 8253 5508 86 14  1  0  0  0
10  0      0 700840  12576 471572    0    0     0     0 8234 5538 88 12  1  0  0  0
12  0      0 700840  12576 471572    0    0     0     0 8596 5826 85 15  0  0  0  0
11  0      0 700840  12576 471572    0    0     0  2220 8483 5763 85 15  0  0  0  0
12  0      0 700840  12576 471572    0    0     0     0 8507 5749 85 15  1  0  0  0
11  0      0 700840  12576 471572    0    0     0     0 8519 5788 86 14  1  0  0  0
17  0      0 700840  12576 471572    0    0     0     0 6956 4713 87 13  0  0  0  0
17  0      0 700840  12576 471572    0    0     0     0 1739 1095 88 12  0  0  0  0
14  0      0 700840  12576 471572    0    0     0     0 1854 1290 86 12  2  0  0  0
15  0      0 700840  12576 471572    0    0     0     0 1818 1176 88 12  0  0  0  0
12  0      0 700840  12576 471572    0    0     0     0 1770 1228 84 14  2  0  0  0
16  0      0 700840  12576 471572    0    0     0     0 1754 1209 88 12  0  0  0  0
10  0      0 700840  12576 471572    0    0     0     0 1824 1192 88 12  0  0  0  0
15  0      0 700840  12576 471572    0    0     0     0 2044 1460 86 14  0  0  0  0
13  0      0 700600  12576 471572    0    0     0     0 1851 1245 90 10  0  0  0  0
12  0      0 700600  12576 471572    0    0     0     0 1981 1353 84 14  2  0  0  0
12  0      0 700600  12576 471564    0    0     0     0 1801 1309 84 16  0  0  0  0
17  0      0 700600  12576 471564    0    0     0     0 1473 1029 92  8  0  0  0  0
10  0      0 700600  12576 471564    0    0     0     0 1945 1284 83 15  2  0  0  0
15  0      0 700600  12576 471564    0    0     0     0 1909 1306 88 12  0  0  0  0
 9  0      0 700600  12576 471564    0    0     0     0 1928 1327 84 16  0  0  0  0
18  0      0 700600  12584 471564    0    0     0    60 2081 1409 86 14  0  0  0  0
17  0      0 700600  12584 471564    0    0     0     0 1544 1003 92  8  0  0  0  0
13  0      0 700600  12584 471564    0    0     0     0 1630 1042 84 14  2  0  0  0
14  0      0 700600  12584 471564    0    0     0     0 1679 1044 88 12  0  0  0  0
13  0      0 700600  12584 471564    0    0     0     0 1820 1245 88 10  2  0  0  0
 9  0      0 700600  12584 471564    0    0     0     0 1786 1246 86 14  0  0  0  0
20  0      0 700600  12584 471564    0    0     0     0 1959 1260 84 16  0  0  0  0
10  0      0 700600  12584 471564    0    0     0     0 1690 1188 86 12  0  0  2  0
 9  0      0 700600  12584 471564    0    0     0     0 1672 1129 86 14  0  0  0  0
10  0      0 700600  12584 471564    0    0     0     0 1988 1512 86 12  2  0  0  0
13  0      0 700600  12584 471564    0    0     0     0 1968 1387 86 14  0  0  0  0
13  0      0 700600  12584 471564    0    0     0     0 1879 1243 86 12  2  0  0  0
12  0      0 700632  12584 471564    0    0     0     0 1810 1245 82 16  2  0  0  0
 8  0      0 700632  12584 471564    0    0     0     0 1647 1130 88 12  0  0  0  0
14  0      0 700632  12584 471564    0    0     0     0 1809 1177 88 12  0  0  0  0
15  0      0 700632  12584 471564    0    0     0     0 1770 1223 85 13  2  0  0  0
13  0      0 700632  12584 471564    0    0     0     0 1799 1175 88 12  0  0  0  0
 9  0      0 700632  12584 471564    0    0     0     0 1913 1332 84 16  0  0  0  0
11  0      0 700392  12584 471564    0    0     0     0 2015 1350 84 16  0  0  0  0
14  0      0 700392  12584 471564    0    0     0     0 1880 1274 88 10  2  0  0  0
11  0      0 700392  12584 471564    0    0     0     0 1945 1295 86 14  0  0  0  0
 1  0      0 700392  12584 471564    0    0     0     0 1335  863 40  5 56  0  0  0
 1  0      0 700392  12584 471564    0    0     0     0  321   91 20  0 80  0  0  0
 1  0      0 700392  12584 471564    0    0     0     0  312   81 20  0 80  0  0  0
 1  0      0 700392  12584 471564    0    0     0     0  335   94 21  0 79  0  0  0
 0  0      0 700392  12584 471564    0    0     0     0  254   98 10  0 90  0  0  0
