procs -----------memory---------- ---swap-- -----io---- -system-- -------cpu-------
 r  b   swpd   free   buff  cache   si   so    bi    bo   in   cs us sy id wa st gu
 1  0      0 7432232  19784 377760    0    0   546    83 1685    4  3  3 92  1  0  0
 4  0      0 7432232  19784 377768    0    0     0     0 5461 3638 12  8 79  0  1  0
 1  0      0 7432232  19784 377768    0    0     0     0 9972 6621 19 12 68  0  1  0
 3  0      0 7432232  19784 377768    0    0     0     0 10092 6725 20 13 67  0  0  0
 1  0      0 7432232  19784 377768    0    0     0     0 10408 7169 21 14 64  0  0  0
 0  0      0 7432232  19784 377768    0    0     0     0 10297 6870 20 14 66  0  0  0
 2  0      0 7432232  19784 377768    0    0     0     0 10141 6935 21 15 63  0  1  0
 0  0      0 7432232  19784 377768    0    0     0     0 9880 6718 23 14 62  0  1  0
 2  0      0 7432232  19784 377768    0    0     0     0 9872 6578 19 14 66  0  1  0
 1  0      0 7432232  19784 377768    0    0     0     0 9939 6709 21 14 65  0  0  0
 0  0      0 7432232  19784 377768    0    0     0     0 10175 6894 22 14 62  0  1  0
 2  0      0 7432232  19784 377768    0    0     0  4268 10297 6988 25 15 58  0  2  0
 0  0      0 7432232  19784 377768    0    0     0     0 9767 6552 26 15 55  0  3  0
 0  0      0 7432232  19784 377768    0    0     0     0 9925 6640 24 14 60  0  1  0
 0  0      0 7432232  19784 377768    0    0     0     0 10174 6903 23 13 63  0  1  0
 0  0      0 7432232  19784 377768    0    0     0     0 10636 7328 23 15 60  0  1  0
 1  0      0 7432232  19784 377768    0    0     0     0 10329 7057 22 15 62  0  1  0
 0  0      0 7432232  19784 377768    0    0     0     0 10591 7286 21 16 63  0  0  0
 2  0      0 7432232  19784 377768    0    0     0     0 10575 7368 21 15 63  0  0  0
 1  0      0 7432232  19784 377768    0    0     0     0 10427 7209 24 15 60  0  1  0
 0  0      0 7432232  19784 377768    0    0     0     0 10262 7046 22 15 62  0  1  0
 0  0      0 7432232  19784 377768    0    0     0     0 9980 6719 22 15 62  0  1  0
 2  0      0 7432232  19784 377768    0    0     0     0 10182 7009 23 16 59  0  1  0
 0  0      0 7432232  19784 377768    0    0     0     0 10632 7387 24 15 61  0  0  0
 0  0      0 7432000  19792 377760    0    0     0    44 10178 6839 21 13 64  0  1  0
 0  0      0 7431980  19792 377772    0    0     0     0 10344 7110 19 14 67  0  1  0
 1  0      0 7431980  19792 377772    0    0     0     4 10382 7038 20 14 66  0  0  0
 0  0      0 7431980  19792 377772    0    0     0     0 3649 2380  6  5 88  0  0  0
 0  0      0 7431980  19792 377772    0    0     0     0 2397 1501  4  4 93  0  0  0
 0  0      0 7431980  19792 377772    0    0     0     0 2033 1216  4  3 94  0  0  0
 0  0      0 7431980  19792 377772    0    0     0     0 2178 1355  4  3 93  0  0  0
 0  0      0 7431980  19792 377772    0    0     0     0 2289 1443  4  3 93  0  1  0
 0  0      0 7431980  19792 377772    0    0     0     4 2185 1375  4  3 93  0  0  0
 0  0      0 7431980  19792 377772    0    0     0     0 2121 1294  3  2 95  0  0  0
 0  0      0 7431980  19792 377772    0    0     0     0 1716 1005  3  2 95  0  0  0
 0  0      0 7431980  19792 377772    0    0     0     0 2574 1718  4  4 91  0  0  0
 0  0      0 7431980  19792 377772    0    0     0     0 2266 1376  5  3 91  0  0  0
 0  0      0 7431980  19792 377772    0    0     0     0 2100 1199  3  3 94  0  0  0
 0  0      0 7431980  19792 377772    0    0     0     0 2331 1545  4  3 93  0  0  0
 0  0      0 7431980  19792 377772    0    0     0     0 2142 1380  4  3 94  0  0  0
 0  0      0 7431980  19792 377772    0    0     0     0 2300 1440  4  3 94  0  0  0
 0  0      0 7431980  19792 377772    0    0     0     0 2490 1560  4  4 92  0  0  0
 0  0      0 7431980  19792 377772    0    0     0     0 2287 1503  5  2 92  0  0  0
 0  0      0 7431980  19792 377772    0    0     0     0 2187 1332  4  3 94  0  0  0
 0  0      0 7431980  19792 377772    0    0     0     0 2266 1399  4  3 94  0  0  0
 0  0      0 7431980  19792 377772    0    0     0     0 2355 1520  5  3 92  0  0  0
 0  0      0 7431980  19792 377772    0    0     0     0 2109 1286  3  3 93  0  0  0
 0  0      0 7431980  19792 377772    0    0     0     0 1929 1126  4  2 95  0  1  0
 0  0      0 7431980  19792 377772    0    0     0     0 2392 1514  4  3 93  0  0  0
 0  0      0 7431980  19792 377772    0    0     0     0 2335 1440  6  2 92  0  0  0
 0  0      0 7431980  19792 377772    0    0     0     0 2045 1347  3  2 94  0  0  0
 0  0      0 7431980  19792 377772    0    0     0     0 2287 1460  5  2 93  0  0  0
 0  0      0 7431980  19792 377772    0    0     0     0 2314 1473  5  4 92  0  0  0
 0  0      0 7431980  19792 377772    0    0     0     0 2454 1554  5  3 92  0  1  0
 0  0      0 7431980  19792 377772    0    0     0     0 1946 1152  3  3 95  0  0  0
 0  0      0 7431980  19800 377764    0    0     0    40 2249 1411  4  3 93  0  0  0
 0  0      0 7431980  19800 377772    0    0     0     0 2377 1506  4  3 92  0  0  0
 0  0      0 7431980  19800 377772    0    0     0     0 2354 1590  5  3 92  0  1  0
 0  0      0 7431980  19800 377772    0    0     0     0 2346 1462  5  3 92  0  0  0
 0  0      0 7431980  19800 377772    0    0     0     0 2304 1468  5  3 93  0  0  0
 0  0      0 7431980  19800 377772    0    0     0     0 2198 1324  4  3 93  0  1  0
 0  0      0 7431980  19800 377772    0    0     0     0 1632 1010  4  2 95  0  0  0
 0  0      0 7431980  19800 377772    0    0     0     0   58   54  0  0 100  0  0  0
 0  0      0 7431980  19800 377772    0    0     0     0   29   24  0  0 100  0  0  0
 0  0      0 7431980  19800 377772    0    0     0     0   28   21  0  0 100  0  0  0
