procs -----------memory---------- ---swap-- -----io---- -system-- -------cpu-------
 r  b   swpd   free   buff  cache   si   so    bi    bo   in   cs us sy id wa st gu
 0  0      0 699912  12600 471568    0    0   220   325 2238    9 24  4 71  1  0  0
15  0      0 699912  12600 471568    0    0     0     0 5698 4969 52 10 38  0  1  0
17  0      0 699912  12600 471568    0    0     0     0 9250 8249 84 17  0  0  0  0
17  0      0 699720  12600 471568    0    0     0     0 9304 8636 84 16  0  0  0  0
14  0      0 698916  12600 471568    0    0     0     0 9618 8722 82 18  0  0  0  0
17  0      0 698916  12600 471568    0    0     0     0 9408 8303 81 19  0  0  0  0
15  0      0 698916  12600 471568    0    0     0     0 9647 8706 82 18  0  0  0  0
13  0      0 698916  12600 471568    0    0     0     0 9426 8196 81 19  0  0  0  0
17  0      0 697656  12600 471568    0    0     0     0 9216 8484 82 18  0  0  0  0
10  0      0 697656  12600 471568    0    0     0     0 9367 8329 83 17  0  0  0  0
15  0      0 697656  12600 471568    0    0     0     0 9595 8743 83 17  0  0  0  0
16  0      0 697656  12600 471568    0    0     0     0 9688 8835 81 18  0  0  0  0
16  0      0 697464  12600 471568    0    0     0     0 9458 8546 83 17  0  0  0  0
18  0      0 697416  12600 471568    0    0     0     0 9362 8399 83 17  0  0  0  0
18  0      0 697416  12600 471568    0    0     0  2584 9483 8617 82 18  0  0  0  0
 6  0      0 697416  12600 471568    0    0     0     0 10038 9345 82 18  0  0  0  0
16  0      0 697416  12600 471568    0    0     0     0 9606 8614 82 18  0  0  0  0
14  0      0 697416  12600 471568    0    0     0     0 9752 9857 82 18  0  0  0  0
21  0      0 697416  12600 471568    0    0     0     0 9802 9045 83 17  0  0  0  0
17  0      0 697416  12600 471568    0    0     0     0 9789 8888 83 17  0  0  0  0
20  0      0 697416  12600 471568    0    0     0     0 9572 8639 82 18  0  0  0  0
16  0      0 697416  12600 471568    0    0     0     0 9306 8476 82 17  1  0  0  0
15  0      0 697416  12600 471568    0    0     0     0 9616 8700 83 17  0  0  0  0
19  0      0 697416  12600 471568    0    0     0     0 9912 9046 83 17  0  0  0  0
15  0      0 697416  12600 471568    0    0     0     0 9413 8481 81 19  0  0  0  0
17  0      0 697164  12600 471568    0    0     0     0 9624 8790 81 19  0  0  0  0
20  0      0 697164  12600 471568    0    0     0     0 9530 8762 83 17  0  0  0  0
28  0      0 697164  12608 471560    0    0     0    84 2621 2132 86 14  0  0  0  0
18  0      0 696924  12608 471568    0    0     0     0 2112 1744 78 22  0  0  0  0
27  0      0 696924  12608 471568    0    0     0     0 1828 7958 80 20  0  0  0  0
27  0      0 696924  12608 471568    0    0     0     0 1946 8277 84 16  0  0  0  0
16  0      0 696924  12608 471568    0    0     0     0 2052 1390 83 17  0  0  0  0
21  0      0 696672  12608 471568    0    0     0     0 1971 4527 80 20  0  0  0  0
19  0      0 696480  12608 471568    0    0     0     0 1905 1427 82 18  0  0  0  0
17  0      0 695928  12608 471568    0    0     0     0 1621 6569 84 16  0  0  0  0
16  0      0 694416  12608 471568    0    0     0     0 2280 1801 82 18  0  0  0  0
19  0      0 694416  12608 471568    0    0     0     0 2011 1442 79 21  0  0  0  0
13  0      0 694416  12608 471568    0    0     0     0 1776 1243 86 14  0  0  0  0
19  0      0 694416  12608 471568    0    0     0     0 2037 3933 82 18  0  0  0  0
15  0      0 694416  12608 471568    0    0     0     0 1974 1702 82 18  0  0  0  0
17  0      0 694416  12608 471568    0    0     0     0 1996 1399 86 14  0  0  0  0
19  0      0 694416  12608 471568    0    0     0     0 2089 1624 82 18  0  0  0  0
19  0      0 694416  12608 471568    0    0     0     0 1990 1456 84 16  0  0  0  0
17  0      0 694416  12608 471568    0    0     0     0 1951 1484 82 18  0  0  0  0
20  0      0 694416  12608 471568    0    0     0     0 1955 1601 84 16  0  0  0  0
21  0      0 694416  12608 471568    0    0     0     0 2125 1632 84 16  0  0  0  0
15  0      0 694416  12608 471568    0    0     0     0 1874 4969 80 18  2  0  0  0
18  0      0 694416  12608 471568    0    0     0     0 1750 1311 80 20  0  0  0  0
19  0      0 694416  12608 471568    0    0     0     0 2051 1432 82 18  0  0  0  0
 9  0      0 694416  12608 471568    0    0     0     0 2062 1710 82 18  0  0  0  0
16  0      0 694416  12608 471568    0    0     0     0 1876 6827 82 18  0  0  0  0
17  0      0 694416  12608 471568    0    0     0     0 2054 1658 84 16  0  0  0  0
20  0      0 694416  12608 471568    0    0     0     0 2063 1569 84 16  0  0  0  0
20  0      0 694416  12608 471568    0    0     0     0 2112 1871 81 19  0  0  0  0
 3  0      0 694416  12608 471568    0    0     0     0 1765 8557 82 18  0  0  0  0
17  0      0 694416  12608 471568    0    0     0     0 1982 4469 82 18  0  0  0  0
16  0      0 694416  12608 471568    0    0     0     0 2301 1732 83 17  0  0  0  0
16  0      0 694164  12608 471568    0    0     0     0 2181 7848 77 23  0  0  0  0
13  0      0 694164  12616 471560    0    0     0    12 2040 3181 80 18  2  0  0  0
25  0      0 694164  12616 471568    0    0     0    16 1931 1578 84 16  0  0  0  0
20  0      0 694164  12616 471568    0    0     0     0 1975 1552 80 20  0  0  0  0
 1  0      0 694164  12616 471568    0    0     0     0 1326 2076 37  6 57  0  0  0
 1  0      0 694164  12616 471568    0    0     0     0  324   86 20  0 79  0  1  0
 1  0      0 694164  12616 471568    0    0     0     0  324   73 20  0 80  0  0  0
 1  0      0 694164  12616 471568    0    0     0     0  327   78 21  0 79  0  0  0
