procs -----------memory---------- ---swap-- -----io---- -system-- -------cpu-------
 r  b   swpd   free   buff  cache   si   so    bi    bo   in   cs us sy id wa st gu
 3  0      0 811144  12496 471568    0    0   241   352 2222    9 23  4 72  1  0  0
 0  0      0 810892  12504 471560    0    0     0    56  330  318  6  1 94  0  0  0
14  0      0 809884  12504 471568    0    0     0     0 5002 3220 58  9 34  0  0  0
12  0      0 809884  12504 471568    0    0     0     0 6961 4003 90 10  0  0  0  0
12  0      0 809632  12504 471568    0    0     0     0 7138 4385 90 10  0  0  0  0
10  0      0 809440  12504 471568    0    0     0     0 7374 4541 88 11  0  0  0  0
11  0      0 806620  12504 471568    0    0     0     0 7524 4660 88 12  0  0  0  0
14  0      0 801580  12504 471568    0    0     0     0 7382 4450 89 12  0  0  0  0
11  0      0 801384  12504 471568    0    0     0     0 7046 4167 90 10  0  0  0  0
 8  0      0 801132  12504 471568    0    0     0     0 7244 4522 89 11  0  0  0  0
 9  0      0 801132  12504 471568    0    0     0     0 7816 5071 87 13  0  0  0  0
11  0      0 799872  12504 471568    0    0     0     0 7557 4857 89 11  0  0  0  0
14  0      0 799872  12504 471568    0    0     0     0 6890 4229 89 10  0  0  0  0
12  0      0 799872  12504 471568    0    0     0     0 7445 4683 89 11  0  0  0  0
 9  0      0 799872  12504 471568    0    0     0     0 8027 5200 87 13  0  0  0  0
14  0      0 799872  12504 471568    0    0     0     0 7604 4702 89 11  0  0  0  0
13  0      0 799872  12504 471568    0    0     0     0 7159 4280 90 11  0  0  0  0
 9  0      0 799872  12504 471568    0    0     0     0 7303 4669 91  9  0  0  0  0
10  0      0 799632  12504 471568    0    0     0     0 7935 5188 87 13  0  0  0  0
10  0      0 799632  12504 471568    0    0     0     0 7599 4923 86 13  1  0  0  0
10  0      0 799632  12504 471568    0    0     0     0 1378  725 90 10  0  0  0  0
14  0      0 799632  12504 471568    0    0     0     0 1492  746 92  8  0  0  0  0
13  0      0 799632  12504 471568    0    0     0     0 1372  896 90 10  0  0  0  0
15  0      0 799632  12504 471568    0    0     0     0 1271  797 90 10  0  0  0  0
 6  0      0 799632  12504 471568    0    0     0     0 1395  757 88 10  2  0  0  0
13  0      0 799392  12504 471568    0    0     0     0 1704 1086 90 10  0  0  0  0
13  0      0 799392  12504 471568    0    0     0     0 1619  958 86 14  0  0  0  0
 7  0      0 799392  12504 471568    0    0     0     0 1581  971 87 12  2  0  0  0
14  0      0 799392  12504 471568    0    0     0     0 1521  918 92  8  0  0  0  0
 9  0      0 799392  12504 471568    0    0     0     0 1504  836 88 12  0  0  0  0
15  0      0 799392  12504 471568    0    0     0     0 1665 1033 86 14  0  0  0  0
 9  0      0 799392  12504 471568    0    0     0  1988 1898 1180 90 10  0  0  0  0
 7  0      0 799392  12512 471568    0    0     0    56 1199  684 90 10  0  0  0  0
12  0      0 799392  12512 471568    0    0     0     0 1269  637 90 10  0  0  0  0
11  0      0 799200  12512 471568    0    0     0     0 1048  515 92  8  0  0  0  0
 5  0      0 799152  12512 471568    0    0     0     0 1326  698 92  6  2  0  0  0
10  0      0 799152  12512 471568    0    0     0     0 1839 1246 85 15  0  0  0  0
14  0      0 799152  12512 471568    0    0     0     0 1744 1211 88 12  0  0  0  0
 9  0      0 799152  12512 471568    0    0     0     0 1720 1076 88 12  0  0  0  0
 7  0      0 799152  12512 471568    0    0     0     0 1962 1188 88 12  0  0  0  0
11  0      0 799152  12512 471568    0    0     0     0 1726 1200 84 14  2  0  0  0
11  0      0 799152  12512 471568    0    0     0     0 1780 1218 86 14  0  0  0  0
 8  0      0 799152  12512 471568    0    0     0     0 1524  886 85 13  2  0  0  0
11  0      0 799152  12512 471568    0    0     0     0 1967 1260 90 10  0  0  0  0
12  0      0 799152  12512 471568    0    0     0     0 1313  849 90 10  0  0  0  0
16  0      0 799152  12512 471568    0    0     0     0 1520  837 90 10  0  0  0  0
17  0      0 799152  12512 471568    0    0     0     0 1182  530 88 12  0  0  0  0
12  0      0 799152  12512 471568    0    0     0     0 1248  644 90  8  2  0  0  0
 9  0      0 799152  12512 471568    0    0     0     0 1471  810 92  8  0  0  0  0
10  0      0 799152  12512 471568    0    0     0     0 1640 1104 88 12  0  0  0  0
12  0      0 799152  12512 471568    0    0     0     0 1790 1125 83 17  0  0  0  0
 7  0      0 799152  12512 471568    0    0     0     0 1934 1270 84 14  2  0  0  0
11  0      0 798912  12512 471568    0    0     0     0 1941 1280 86 14  0  0  0  0
 6  0      0 798912  12512 471568    0    0     0     0 1823 1140 86 14  0  0  0  0
 7  0      0 798912  12512 471568    0    0     0     0 1969 1266 62 10 28  0  0  0
18  0      0 798912  12512 471568    0    0     0     0 2005 1243 88 12  0  0  0  0
 7  0      0 798912  12512 471568    0    0     0     0 1172  638 94  6  0  0  0  0
 7  0      0 798912  12512 471568    0    0     0     0 1430  778 88 10  2  0  0  0
12  0      0 798912  12512 471568    0    0     0     0 1516  920 92  8  0  0  0  0
15  0      0 798912  12512 471568    0    0     0     0 1355  973 87 11  0  0  2  0
12  0      0 798912  12512 471560    0    0     0     0 1832 1084 88 12  0  0  0  0
 7  0      0 798912  12512 471560    0    0     0     0 1902 1206 90 10  0  0  0  0
 1  0      0 798912  12520 471552    0    0     0    48  745  379 29  2 69  0  0  0
 1  0      0 798912  12520 471560    0    0     0     0  327   85 24  0 76  0  0  0
 1  0      0 798912  12520 471560    0    0     0     0  379  310 21  1 78  0  0  0
