procs -----------memory---------- ---swap-- -----io---- -system-- -------cpu-------
 r  b   swpd   free   buff  cache   si   so    bi    bo   in   cs us sy id wa st gu
 1  0      0 7420776  19744 377768    0    0   654    83 1482    4  3  2 93  2  0  0
 0  0      0 7420776  19744 377768    0    0     0     0 2684 1574  4  3 93  0  0  0
 2  0      0 7420776  19744 377768    0    0     0     0 8281 5086 15 12 71  0  1  0
 0  0      0 7420776  19744 377768    0    0     0     0 8646 5363 17 11 70  0  1  0
 0  0      0 7420776  19744 377768    0    0     0  1748 8589 5395 16 11 72  0  0  0
 1  0      0 7420776  19744 377768    0    0     0     0 8464 5313 17 11 70  0  1  0
 1  0      0 7420776  19744 377768    0    0     0     0 8972 5633 16 13 71  0  0  0
 2  0      0 7420776  19744 377768    0    0     0     0 8974 5588 15 13 71  0  0  0
 1  0      0 7420776  19744 377768    0    0     0     0 8760 5515 15 12 71  0  1  0
 0  0      0 7420776  19744 377768    0    0     0     0 8706 5448 17 12 71  0  0  0
 0  0      0 7420776  19744 377768    0    0     0     0 8548 5385 15 12 73  0  0  0
 4  0      0 7420776  19744 377768    0    0     0     0 8394 5321 17 11 72  0  0  0
 0  0      0 7420776  19744 377768    0    0     0     0 8629 5506 16 11 73  0  1  0
 0  0      0 7420776  19744 377768    0    0     0     0 8967 5717 18 13 68  0  1  0
 0  0      0 7420776  19744 377768    0    0     0     0 8771 5591 15 13 71  0  0  0
 1  0      0 7420776  19744 377768    0    0     0     0 8472 5410 17 12 70  0  0  0
 2  0      0 7420776  19744 377768    0    0     0     0 8291 5184 17 12 69  0  1  0
 2  0      0 7420776  19744 377768    0    0     0     0 8302 5192 18 13 67  0  2  0
 2  0      0 7420776  19744 377768    0    0     0     0 8795 5600 18 13 69  0  0  0
 0  0      0 7420776  19744 377768    0    0     0     0 8732 5721 16 12 72  0  0  0
 0  0      0 7420776  19744 377768    0    0     0     0 8621 5573 17 13 70  0  0  0
 1  0      0 7420776  19744 377768    0    0     0     0 9079 5925 19 12 68  0  1  0
 0  0      0 7420776  19744 377768    0    0     0     0 8845 5743 19 12 68  0  1  0
 1  0      0 7420776  19744 377768    0    0     0     0 9065 5933 17 13 69  0  1  0
 2  0      0 7420776  19744 377768    0    0     0     0 9037 5827 19 12 68  0  1  0
 0  0      0 7420776  19744 377768    0    0     0     0 6839 4497 14  9 77  0  1  0
 0  0      0 7420776  19752 377768    0    0     0    48 1978 1147  3  3 95  0  0  0
 0  0      0 7420776  19752 377768    0    0     0     0 2046 1223  3  4 93  0  1  0
 0  0      0 7420776  19752 377768    0    0     0     0 2053 1185  4  2 94  0  0  0
 0  0      0 7420776  19752 377768    0    0     0     0 1995 1150  4  3 93  0  0  0
 0  0      0 7420776  19752 377768    0    0     0     0 2013 1199  3  2 95  0  0  0
 0  0      0 7420776  19752 377768    0    0     0     8 2011 1208  3  3 94  0  0  0
 0  0      0 7420776  19752 377768    0    0     0     0 2245 1413  4  3 93  0  1  0
 0  0      0 7420776  19752 377768    0    0     0     0 2066 1261  4  3 94  0  0  0
 0  0      0 7420776  19752 377768    0    0     0     0 2109 1254  4  3 94  0  0  0
 0  0      0 7420776  19752 377768    0    0     0  1660 2060 1216  4  3 94  0  0  0
 0  0      0 7420776  19752 377768    0    0     0     0 1453  848  3  2 95  0  1  0
 0  0      0 7420776  19752 377768    0    0     0     0 2171 1317  4  3 93  0  0  0
 0  0      0 7420776  19752 377768    0    0     0     0 2082 1295  3  3 93  0  0  0
 0  0      0 7420776  19752 377768    0    0     0     0 2098 1276  4  3 93  0  0  0
 0  0      0 7420776  19752 377768    0    0     0     0 2326 1431  4  3 92  0  0  0
 0  0      0 7420776  19752 377768    0    0     0     0 1684  897  3  2 95  0  0  0
 0  0      0 7420776  19752 377768    0    0     0     0 1712  986  4  2 94  0  0  0
 0  0      0 7420776  19752 377760    0    0     0     0 1939 1257  4  3 93  0  1  0
 0  0      0 7420776  19752 377760    0    0     0     0 1999 1184  4  3 94  0  0  0
 0  0      0 7420776  19752 377760    0    0     0     0 1960 1175  4  3 93  0  0  0
 0  0      0 7420776  19752 377760    0    0     0     0 2200 1346  5  3 92  0  0  0
 0  0      0 7420776  19752 377760    0    0     0     0 1790 1097  3  3 94  0  0  0
 0  0      0 7420776  19752 377760    0    0     0     0 1808 1064  3  2 95  0  0  0
 0  0      0 7420776  19752 377760    0    0     0     0 2209 1336  5  3 92  0  0  0
 0  0      0 7420776  19752 377752    0    0     0     0 2199 1497  4  3 93  0  1  0
 0  0      0 7420776  19752 377752    0    0     0     0 2104 1249  4  3 94  0  0  0
 0  0      0 7420776  19752 377752    0    0     0     0 1985 1219  4  3 93  0  0  0
 0  0      0 7420776  19752 377752    0    0     0     0 1822 1053  4  2 94  0  1  0
 0  0      0 7420776  19752 377752    0    0     0     0 2019 1185  4  3 94  0  0  0
 0  0      0 7420776  19752 377752    0    0     0     0 1833 1111  4  2 95  0  0  0
 0  0      0 7420776  19752 377748    0    0     0     0 2061 1320  5  3 93  0  1  0
 0  0      0 7420776  19760 377748    0    0     0    44 2115 1286  4  3 92  0  0  0
 0  0      0 7420776  19760 377748    0    0     0     0 2334 1469  5  4 91  0  0  0
 0  0      0 7420776  19760 377748    0    0     0     0 1963 1212  3  2 95  0  1  0
 0  0      0 7420776  19760 377748    0    0     0     0 2215 1357  4  3 93  0  0  0
 0  0      0 7420776  19760 377748    0    0     0     0 1492  923  2  2 97  0  0  0
 0  0      0 7420776  19760 377748    0    0     0     0  138  175  1  0 99  0  0  0
 0  0      0 7420776  19760 377740    0    0     0     0   65   57  0  0 100  0  0  0
 0  0      0 7420776  19760 377740    0    0     0     0   53   41  0  0 100  0  0  0
