procs -----------memory---------- ---swap-- -----io---- -system-- -------cpu-------
 r  b   swpd   free   buff  cache   si   so    bi    bo   in   cs us sy id wa st gu
 1  0      0 7418804  19728 377612    0    0   808    90 1274    3  3  2 93  2  0  0
 0  0      0 7418804  19728 377612    0    0     0     0   52   37  0  0 100  0  0  0
 0  0      0 7418580  19728 377612    0    0     0     0 5529 3028  7  6 86  0  0  0
 0  0      0 7418580  19728 377612    0    0     0     0 7090 3822 10  8 82  0  0  0
 0  0      0 7418580  19728 377612    0    0     0     0 6930 3770 10  8 82  0  0  0
 0  0      0 7418580  19728 377612    0    0     0     0 7171 3835 11  9 80  0  0  0
 1  0      0 7418580  19728 377612    0    0     0     0 7096 3838  9  8 83  0  1  0
 0  0      0 7418580  19728 377612    0    0     0     0 7383 4117 11  9 80  0  0  0
 1  0      0 7418580  19728 377612    0    0     0     0 7661 4148 11 10 78  0  0  0
 0  0      0 7418580  19728 377612    0    0     0     0 7068 3794 10  8 81  0  0  0
 1  0      0 7420608  19728 377628    0    0     0     0 6945 3766  9  9 81  0  0  0
 0  0      0 7420608  19728 377628    0    0     0     0 7210 4000  9  9 81  0  0  0
 1  0      0 7420608  19728 377628    0    0     0     0 7578 4047 10 10 80  0  0  0
 0  0      0 7420608  19728 377628    0    0     0     0 7107 3841 10  7 83  0  1  0
 2  0      0 7420608  19728 377628    0    0     0     0 7832 4331 12  9 79  0  0  0
 0  0      0 7420608  19728 377628    0    0     0     0 7739 4348  9  9 81  0  1  0
 0  0      0 7420608  19728 377628    0    0     0     0 7650 4300 10  9 81  0  1  0
 0  0      0 7420608  19728 377628    0    0     0     0 7714 4341 12 10 78  0  0  0
 0  0      0 7420608  19728 377628    0    0     0     0 7896 4552 12  9 79  0  1  0
 0  0      0 7420608  19728 377628    0    0     0     0 7952 4431 11  9 79  0  0  0
 3  0      0 7420608  19728 377628    0    0     0     0 7858 4346 11 10 79  0  0  0
 0  0      0 7420608  19728 377628    0    0     0     0 8112 4587 11 10 78  0  0  0
 1  0      0 7420608  19728 377652    0    0     0     0 8097 4591 12 11 76  0  1  0
 0  0      0 7420608  19728 377652    0    0     0     0 7977 4470 11 10 78  0  0  0
 0  0      0 7420608  19728 377652    0    0     0     0 7968 4538 11 10 78  0  0  0
 0  0      0 7420608  19728 377652    0    0     0     0 4948 2794  7  7 86  0  1  0
 0  0      0 7420608  19728 377652    0    0     0     0 1796  909  3  2 95  0  0  0
 1  0      0 7420608  19728 377652    0    0     0     0 1775  901  3  2 96  0  0  0
 0  0      0 7420608  19736 377652    0    0     0    52 1722  873  2  2 95  0  1  0
 1  0      0 7420608  19736 377652    0    0     0     0 1820  921  3  2 95  0  0  0
 0  0      0 7420608  19736 377652    0    0     0     0 1658  879  2  3 96  0  0  0
 0  0      0 7420608  19736 377652    0    0     0  2164 1307  603  2  1 97  1  0  0
 0  0      0 7420608  19736 377652    0    0     0     4 1680  811  3  2 96  0  0  0
 0  0      0 7420608  19736 377652    0    0     0     0 1841  919  2  2 95  0  0  0
 0  0      0 7420608  19736 377652    0    0     0     0 1729  896  3  2 96  0  0  0
 0  0      0 7420608  19736 377652    0    0     0     0 1408  694  2  2 97  0  0  0
 0  0      0 7420608  19736 377652    0    0     0     0 1767  892  3  2 94  0  0  0
 0  0      0 7420608  19736 377652    0    0     0     0 1696  853  2  2 96  0  0  0
 0  0      0 7420608  19736 377652    0    0     0     0 1387  652  2  2 96  0  0  0
 0  0      0 7420608  19736 377652    0    0     0     0 1970 1064  3  2 95  0  1  0
 0  0      0 7420608  19736 377652    0    0     0     0 1505  725  2  2 96  0  0  0
 0  0      0 7420608  19736 377652    0    0     0     0 1594  831  2  2 96  0  0  0
 0  0      0 7420608  19736 377652    0    0     0     0 1575  783  2  2 97  0  0  0
 0  0      0 7420608  19736 377652    0    0     0     0 1636  816  2  2 96  0  1  0
 0  0      0 7420608  19736 377652    0    0     0     0 1627  860  2  2 96  0  0  0
 0  0      0 7420608  19736 377652    0    0     0     0 1371  663  3  2 96  0  0  0
 0  0      0 7420608  19736 377652    0    0     0     0 1774  872  3  2 95  0  0  0
 0  0      0 7420608  19736 377652    0    0     0     0 1560  738  2  2 97  0  0  0
 0  0      0 7420608  19736 377652    0    0     0     0 1685  841  3  3 95  0  0  0
 0  0      0 7420608  19736 377652    0    0     0     0 1736  925  2  2 96  0  0  0
 0  0      0 7420608  19736 377652    0    0     0     0 1896 1040  3  3 94  0  1  0
 0  0      0 7420608  19736 377652    0    0     0     0 1697  867  3  2 96  0  0  0
 0  0      0 7420608  19736 377652    0    0     0     0 1633  803  2  2 96  0  0  0
 0  0      0 7420608  19736 377652    0    0     0     0 1692  821  3  2 95  0  0  0
 0  0      0 7420608  19736 377652    0    0     0     0 1505  688  2  2 96  0  0  0
 0  0      0 7420608  19736 377652    0    0     0     0 1694  847  3  2 96  0  0  0
 0  0      0 7420608  19736 377652    0    0     0     0 1898  989  3  2 95  0  1  0
 0  0      0 7420608  19736 377652    0    0     0  1112 1761  858  3  3 95  0  0  0
 0  0      0 7420608  19736 377652    0    0     0     0 1744  835  3  2 95  0  1  0
 0  0      0 7420608  19736 377652    0    0     0    32 1795  898  3  2 96  0  0  0
 0  0      0 7420608  19736 377652    0    0     0     0 1757  929  3  3 95  0  0  0
 0  0      0 7420608  19736 377652    0    0     0     0 2000  985  3  2 95  0  1  0
 0  0      0 7420608  19736 377652    0    0     0     0  461  249  1  0 99  0  0  0
 0  0      0 7420608  19736 377652    0    0     0     0   47   37  0  0 100  0  0  0
 0  0      0 7420608  19736 377652    0    0     0     0   36   28  0  0 100  0  0  0
