procs -----------memory---------- ---swap-- -----io---- -system-- -------cpu-------
 r  b   swpd   free   buff  cache   si   so    bi    bo   in   cs us sy id wa st gu
 1  0      0 674452  12668 471788    0    0   209   310 2276   10 25  4 70  1  0  0
19  0      0 674452  12668 471788    0    0     0     0 7263 6844 62 13 25  0  0  0
11  0      0 674452  12668 471788    0    0     0     0 9337 8711 83 17  0  0  0  0
12  0      0 674452  12668 471788    0    0     0     0 9488 9060 82 18  0  0  0  0
17  0      0 674452  12668 471788    0    0     0     0 9407 9046 83 17  0  0  0  0
11  0      0 674452  12668 471788    0    0     0     0 9690 9088 82 18  0  0  0  0
15  0      0 674452  12668 471788    0    0     0     4 9746 9173 79 20  0  0  0  0
17  0      0 674452  12668 471788    0    0     0    16 9644 9018 81 19  0  0  0  0
16  0      0 674452  12668 471788    0    0     0     0 9706 9155 82 18  1  0  0  0
11  0      0 674452  12668 471788    0    0     0     0 9510 8834 81 19  0  0  0  0
13  0      0 674452  12668 471788    0    0     0     0 9751 9340 81 19  0  0  0  0
16  0      0 674200  12668 471788    0    0     0     0 9663 9009 82 18  1  0  0  0
11  0      0 674200  12668 471788    0    0     0     0 9724 9293 83 17  0  0  0  0
11  0      0 674200  12668 471788    0    0     0     0 9566 8961 82 17  0  0  0  0
15  0      0 674200  12668 471788    0    0     0     0 9688 9109 83 17  0  0  0  0
12  0      0 674200  12668 471788    0    0     0     0 10101 9566 80 20  0  0  0  0
11  0      0 674200  12668 471788    0    0     0     0 10110 9588 80 20  0  0  0  0
10  0      0 674200  12668 471788    0    0     0     0 9828 9378 83 17  0  0  0  0
15  0      0 673976  12676 471780    0    0     0    36 9693 9358 82 18  0  0  0  0
13  0      0 673724  12676 471780    0    0     0     0 9723 9360 81 19  1  0  0  0
14  0      0 673724  12676 471780    0    0     0     0 10010 9638 81 19  0  0  0  0
17  0      0 673220  12676 471780    0    0     0     0 9847 9374 82 18  0  0  0  0
15  0      0 673028  12676 471780    0    0     0     0 9947 9454 81 18  0  0  0  0
12  0      0 672980  12676 471780    0    0     0     0 9970 9399 83 17  0  0  0  0
16  0      0 672728  12676 471772    0    0     0     0 9977 9757 82 18  0  0  0  0
11  0      0 672728  12676 471772    0    0     0     0 10026 9583 81 20  0  0  0  0
15  0      0 672728  12676 471772    0    0     0     0 9716 9837 83 16  0  0  0  0
21  0      0 672728  12676 471772    0    0     0     0 7335 6963 83 17  0  0  0  0
20  0      0 672488  12676 471772    0    0     0     0 2047 1630 86 14  0  0  0  0
13  0      0 672520  12676 471772    0    0     0     0 1899 1595 86 14  0  0  0  0
16  0      0 672520  12676 471772    0    0     0     0 2222 2091 82 18  0  0  0  0
 2  0      0 672520  12676 471772    0    0     0  2244 2128 1892 82 18  0  0  0  0
22  0      0 672520  12676 471772    0    0     0     0 2026 1780 84 16  0  0  0  0
20  0      0 672520  12676 471772    0    0     0     0 2278 2032 79 21  0  0  0  0
14  0      0 672520  12676 471772    0    0     0     0 2325 2163 79 19  2  0  0  0
15  0      0 672520  12676 471772    0    0     0     0 2127 1707 88 12  0  0  0  0
13  0      0 672520  12676 471772    0    0     0     0 2078 1795 78 22  0  0  0  0
19  0      0 672520  12676 471772    0    0     0    16 1982 1664 88 12  0  0  0  0
20  0      0 672520  12676 471772    0    0     0     0 2259 1971 82 18  0  0  0  0
15  0      0 672520  12676 471772    0    0     0     0 2117 1936 84 16  0  0  0  0
17  0      0 672520  12676 471772    0    0     0     0 2101 1826 84 16  0  0  0  0
21  0      0 672520  12676 471772    0    0     0     0 2172 1888 82 18  0  0  0  0
18  0      0 672520  12676 471772    0    0     0     0 2088 1777 83 15  2  0  0  0
12  0      0 672280  12676 471772    0    0     0     0 1819 1470 90 10  0  0  0  0
17  0      0 672280  12676 471772    0    0     0     0 1848 1641 86 14  0  0  0  0
 9  0      0 672280  12676 471772    0    0     0     0 2068 1752 84 16  0  0  0  0
16  0      0 672280  12676 471772    0    0     0     0 2183 1804 82 18  0  0  0  0
15  0      0 672280  12676 471772    0    0     0     0 2184 1872 82 18  0  0  0  0
18  0      0 672280  12676 471772    0    0     0     0 1980 1844 80 18  2  0  0  0
12  0      0 672028  12684 471764    0    0     0    44 2065 1897 82 18  0  0  0  0
13  0      0 672028  12684 471772    0    0     0    36 2162 1831 84 16  0  0  0  0
17  0      0 671776  12684 471772    0    0     0     0 1970 1633 86 14  0  0  0  0
16  0      0 671776  12684 471772    0    0     0   384 2073 1822 84 16  0  0  0  0
16  0      0 671776  12684 471772    0    0     0     0 2074 1811 86 14  0  0  0  0
20  0      0 671776  12684 471772    0    0     0     0 2020 1784 86 14  0  0  0  0
13  0      0 671776  12684 471772    0    0     0     0 2001 1751 84 16  0  0  0  0
17  0      0 671776  12684 471772    0    0     0     0 1899 1531 86 14  0  0  0  0
11  0      0 671776  12684 471772    0    0     0     0 2373 2211 76 22  2  0  0  0
12  0      0 671776  12684 471772    0    0     0     0 2175 2056 80 20  0  0  0  0
17  0      0 671776  12684 471772    0    0     0     0 2049 1729 80 20  0  0  0  0
15  0      0 671776  12684 471772    0    0     0     0 2240 1941 86 14  0  0  0  0
 0  0      0 671776  12684 471772    0    0     0     0  800  640 18  2 80  0  0  0
 0  0      0 671776  12684 471772    0    0     0     0  133  112  1  0 100  0  0  0
 0  0      0 671776  12684 471772    0    0     0     0  149  132  0  0 100  0  0  0
 0  0      0 671776  12684 471772    0    0     0     0  156  127  1  0 100  0  0  0
