procs -----------memory---------- ---swap-- -----io---- -system-- -------cpu-------
 r  b   swpd   free   buff  cache   si   so    bi    bo   in   cs us sy id wa st gu
 1  0      0 7415712  19808 377868    0    0   470    84 1913    5  4  3 92  1  0  0
 0  0      0 7415712  19808 377868    0    0     0     0 4710 3144 14  8 76  0  2  0
 1  0      0 7415712  19808 377868    0    0     0     0 9720 6680 22 14 63  0  0  0
 2  0      0 7415712  19808 377868    0    0     0     0 9787 6910 25 14 60  0  1  0
 1  0      0 7415712  19808 377868    0    0     0     0 9522 6558 23 14 63  0  1  0
 1  0      0 7415712  19808 377868    0    0     0     0 9361 6555 22 12 65  0  1  0
 0  0      0 7415712  19808 377868    0    0     0     0 9695 6674 25 14 59  0  1  0
 2  0      0 7415712  19808 377868    0    0     0     0 9995 7011 24 14 60  0  1  0
 3  0      0 7415712  19808 377868    0    0     0     0 9975 7044 24 13 62  0  0  0
 2  0      0 7415712  19808 377868    0    0     0     0 9710 6879 23 14 63  0  1  0
 0  0      0 7415712  19808 377868    0    0     0     0 9783 6889 23 14 63  0  0  0
 1  0      0 7415712  19808 377868    0    0     0     0 10002 7151 25 15 59  0  1  0
 0  0      0 7415712  19808 377868    0    0     0     0 9972 7204 26 14 59  0  1  0
 2  0      0 7415712  19808 377868    0    0     0     0 9990 7046 26 15 59  0  1  0
 0  0      0 7415712  19808 377868    0    0     0     0 10031 7126 26 14 59  0  1  0
 0  0      0 7415712  19808 377868    0    0     0     0 9968 7087 28 13 56  0  2  0
 2  0      0 7415712  19808 377868    0    0     0     0 9833 6975 27 13 56  0  3  0
 2  0      0 7415712  19808 377868    0    0     0     0 10206 7294 26 14 59  0  0  0
 3  0      0 7415712  19808 377868    0    0     0     0 9936 7024 26 14 58  0  1  0
 2  0      0 7415712  19808 377868    0    0     0     0 9894 7039 26 15 59  0  1  0
 3  0      0 7415712  19808 377868    0    0     0     0 10094 7274 24 16 59  0  1  0
 0  0      0 7415712  19808 377868    0    0     0     0 10430 7551 28 15 57  0  0  0
 3  0      0 7415712  19808 377868    0    0     0     0 10200 7389 24 15 61  0  1  0
 5  0      0 7415712  19808 377868    0    0     0     0 10366 7526 26 16 57  0  1  0
 0  0      0 7415712  19808 377868    0    0     0     0 9389 6722 25 15 59  0  2  0
 0  0      0 7415712  19808 377868    0    0     0     0 2338 1570  6  3 91  0  0  0
 0  0      0 7415712  19808 377868    0    0     0     0 2268 1479  5  3 91  0  0  0
 0  0      0 7415712  19808 377868    0    0     0     0 2041 1272  5  3 92  0  1  0
 0  0      0 7415712  19808 377868    0    0     0     0 2237 1442  6  3 91  0  0  0
 0  0      0 7415712  19816 377868    0    0     0    48 1954 1184  5  2 93  0  1  0
 0  0      0 7415712  19816 377868    0    0     0     0 1995 1225  4  3 94  0  0  0
 0  0      0 7415712  19816 377868    0    0     0  2220 2467 1583  7  4 89  0  0  0
 0  0      0 7415712  19816 377868    0    0     0     4 2188 1369  4  2 93  0  0  0
 0  0      0 7415712  19816 377868    0    0     0     0 2308 1512  6  3 91  0  0  0
 0  0      0 7415712  19816 377868    0    0     0     0 2097 1249  4  2 93  0  0  0
 0  0      0 7415712  19816 377868    0    0     0     0 2206 1487  5  3 92  0  1  0
 0  0      0 7415712  19816 377868    0    0     0     0 2349 1544  6  3 92  0  0  0
 0  0      0 7415712  19816 377868    0    0     0     0 2163 1411  4  4 93  0  0  0
 0  0      0 7415712  19816 377868    0    0     0     0 2240 1515  5  4 90  0  0  0
 0  0      0 7415712  19816 377868    0    0     0     0 2129 1358  6  2 93  0  0  0
 0  0      0 7415712  19816 377868    0    0     0     0 2206 1435  6  3 90  0  0  0
 0  0      0 7415712  19816 377868    0    0     0     0 2033 1223  5  3 92  0  1  0
 0  0      0 7415712  19816 377896    0    0     0     0 2247 1481  6  3 91  0  0  0
 0  0      0 7415712  19816 377896    0    0     0     0 2211 1426  6  3 91  0  1  0
 0  0      0 7415712  19816 377896    0    0     0     0 2140 1375  5  3 91  0  0  0
 0  0      0 7415712  19816 377896    0    0     0     0 2339 1498  6  3 91  0  0  0
 0  0      0 7415712  19816 377896    0    0     0     0 2150 1375  5  3 92  0  0  0
 0  0      0 7415712  19816 377896    0    0     0     0 2152 1349  5  3 93  0  0  0
 0  0      0 7415712  19816 377896    0    0     0     0 2313 1531  5  3 92  0  0  0
 0  0      0 7415712  19816 377896    0    0     0     0 2409 1603  5  4 91  0  0  0
 0  0      0 7415712  19816 377896    0    0     0     0 2171 1281  5  2 93  0  0  0
 0  0      0 7415712  19816 377896    0    0     0     0 2445 1667  6  4 90  0  0  0
 0  0      0 7415712  19816 377896    0    0     0     0 2439 1667  6  3 91  0  0  0
 0  0      0 7415712  19816 377896    0    0     0     0 2406 1620  6  3 91  0  0  0
 0  0      0 7415712  19816 377896    0    0     0     0 2186 1387  4  3 93  0  0  0
 0  0      0 7415712  19816 377896    0    0     0     0 2223 1381  4  3 93  0  0  0
 0  0      0 7415712  19816 377896    0    0     0     0 2320 1467  5  3 92  0  0  0
 0  0      0 7415712  19816 377896    0    0     0     0 2464 1741  6  3 90  0  0  0
 0  0      0 7415712  19816 377888    0    0     0     0 2442 1753  5  4 91  0  0  0
 0  0      0 7415712  19816 377888    0    0     0     0 2100 1416  5  2 93  0  0  0
 0  0      0 7415712  19816 377888    0    0     0     8 2385 1564  5  4 91  0  0  0
 0  0      0 7415712  19816 377888    0    0     0     0 1718 1270  4  2 93  0  0  0
 0  0      0 7415712  19816 377888    0    0     0     0   59   49  0  0 100  0  0  0
 0  0      0 7415712  19816 377888    0    0     0     0   69   69  0  0 100  0  0  0
 0  0      0 7415712  19816 377888    0    0     0     0   40   28  0  0 100  0  0  0
