procs -----------memory---------- ---swap-- -----io---- -system-- -------cpu-------
 r  b   swpd   free   buff  cache   si   so    bi    bo   in   cs us sy id wa st gu
 1  0      0 692484  12628 471748    0    0   214   317 2262   10 25  4 71  1  0  0
11  0      0 692184  12628 471768    0    0     0     0 6853 4652 74  9 17  0  0  0
16  0      0 692184  12628 471768    0    0     0     0 8766 6046 86 13  0  0  0  0
11  0      0 692184  12628 471768    0    0     0     0 9067 6227 84 16  0  0  0  0
10  0      0 692184  12628 471768    0    0     0     0 8469 5708 87 13  0  0  0  0
 9  0      0 691692  12628 471768    0    0     0     0 8863 6107 85 15  0  0  0  0
11  0      0 691692  12628 471768    0    0     0     0 8791 6094 86 14  1  0  0  0
 9  0      0 690432  12628 471768    0    0     0     0 8917 6357 85 15  0  0  0  0
11  0      0 690432  12628 471768    0    0     0     0 8980 6288 85 15  1  0  0  0
11  0      0 690432  12628 471768    0    0     0     0 8768 6183 84 16  0  0  0  0
14  0      0 690240  12628 471768    0    0     0     0 8896 6212 86 13  1  0  0  0
11  0      0 689940  12628 471768    0    0     0     0 9058 6628 84 15  0  0  0  0
11  0      0 689940  12628 471768    0    0     0     0 9157 6414 84 16  0  0  1  0
10  0      0 689940  12628 471768    0    0     0     0 9107 6411 87 13  1  0  0  0
11  0      0 688680  12628 471768    0    0     0     0 8988 6299 83 17  0  0  0  0
12  0      0 688680  12628 471768    0    0     0     0 8972 6430 86 14  1  0  0  0
11  0      0 688680  12628 471768    0    0     0     0 9138 6545 84 16  0  0  0  0
10  0      0 688680  12636 471760    0    0     0    48 9044 6408 86 15  0  0  0  0
11  0      0 687168  12636 471768    0    0     0     0 9093 6454 85 15  1  0  0  0
 9  0      0 686916  12636 471768    0    0     0     0 9004 6263 85 14  0  0  0  0
12  0      0 686916  12636 471768    0    0     0     0 9201 6616 84 16  0  0  0  0
 9  0      0 686916  12636 471768    0    0     0     0 9170 6617 86 14  0  0  0  0
12  0      0 686724  12636 471768    0    0     0     0 9328 6758 84 16  1  0  0  0
10  0      0 686676  12636 471768    0    0     0     0 9475 6846 84 16  1  0  0  0
16  0      0 686740  12636 471768    0    0     0     0 6289 4605 83 17  1  0  0  0
13  0      0 686740  12636 471768    0    0     0     0 2045 1519 82 18  0  0  0  0
13  0      0 686740  12636 471768    0    0     0     0 1843 1269 88 12  0  0  0  0
11  0      0 686740  12636 471768    0    0     0     0 1685 1239 85 13  2  0  0  0
14  0      0 686740  12636 471768    0    0     0     0 1968 1378 82 16  2  0  0  0
18  0      0 684976  12636 471768    0    0     0     0 1807 1208 86 14  0  0  0  0
 8  0      0 684220  12636 471768    0    0     0     0 1866 1315 80 20  0  0  0  0
15  0      0 684220  12636 471768    0    0     0  2232 2130 1610 84 14  0  2  0  0
17  0      0 683980  12636 471768    0    0     0     0 1824 1243 86 14  0  0  0  0
16  0      0 683980  12636 471768    0    0     0     0 1922 1416 86 14  0  0  0  0
13  0      0 683980  12636 471768    0    0     0     0 1897 1369 84 16  0  0  0  0
13  0      0 683980  12636 471768    0    0     0     0 1856 1316 82 16  2  0  0  0
13  0      0 683980  12636 471768    0    0     0     0 1846 1255 86 14  0  0  0  0
10  0      0 683980  12636 471768    0    0     0     0 1971 1572 80 20  0  0  0  0
15  0      0 683980  12636 471768    0    0     0     0 1967 1370 84 16  0  0  0  0
12  0      0 683980  12636 471768    0    0     0     0 2006 1446 86 12  2  0  0  0
10  0      0 683980  12636 471768    0    0     0     0 1825 1242 84 16  0  0  0  0
14  0      0 683980  12636 471768    0    0     0     0 1890 1293 88 12  0  0  0  0
18  0      0 683980  12636 471768    0    0     0     0 1833 1410 84 14  2  0  0  0
12  0      0 683980  12636 471768    0    0     0     0 1876 1267 88 12  0  0  0  0
10  0      0 683980  12636 471768    0    0     0     0 1902 1349 86 14  0  0  0  0
11  0      0 683788  12636 471768    0    0     0     0 1994 1468 84 16  0  0  0  0
11  0      0 683740  12652 471752    0    0     0  1924 2009 1439 82 16  2  0  0  0
14  0      0 683740  12652 471768    0    0     0     0 1918 1428 88 10  0  0  2  0
10  0      0 683488  12652 471768    0    0     0     0 1968 1486 80 18  2  0  0  0
12  0      0 681724  12652 471768    0    0     0    52 1971 1417 82 18  0  0  0  0
12  0      0 681724  12652 471768    0    0     0     0 1827 1232 86 14  0  0  0  0
 9  0      0 681724  12652 471768    0    0     0     0 2220 1676 84 14  2  0  0  0
10  0      0 681724  12652 471768    0    0     0     0 1967 1522 84 16  0  0  0  0
 8  0      0 681724  12652 471768    0    0     0     0 1938 1346 86 14  0  0  0  0
 9  0      0 681724  12652 471768    0    0     0     0 1930 1365 90 10  0  0  0  0
11  0      0 681724  12652 471768    0    0     0     0 1873 1300 84 14  2  0  0  0
15  0      0 681724  12652 471768    0    0     0     0 2015 1553 84 16  0  0  0  0
13  0      0 680968  12652 471768    0    0     0     0 1967 1424 84 16  0  0  0  0
10  0      0 680968  12652 471768    0    0     0     0 1950 1330 90 10  0  0  0  0
11  0      0 680968  12652 471768    0    0     0     0 2114 1607 78 20  2  0  0  0
11  0      0 680968  12652 471768    0    0     0     0 2120 1610 82 18  0  0  0  0
 1  0      0 680968  12652 471768    0    0     0     0  890  614 43  3 54  0  0  0
 1  0      0 680968  12652 471768    0    0     0     0  320   95 24  0 76  0  0  0
 0  0      0 680968  12652 471768    0    0     0     0  290  147 10  0 90  0  0  0
 0  0      0 680968  12652 471768    0    0     0     0  218  197  0  0 100  0  0  0
