procs -----------memory---------- ---swap-- -----io---- -system-- -------cpu-------
 r  b   swpd   free   buff  cache   si   so    bi    bo   in   cs us sy id wa st gu
 1  0      0 7411120  19832 377984    0    0   413    82 2054    6  5  3 91  1  0  0
 3  0      0 7411100  19832 377992    0    0     0     0 5208 3790 17  9 73  0  2  0
 1  0      0 7411100  19832 377992    0    0     0     0 10095 7272 31 17 46  0  6  0
 1  0      0 7411100  19832 377992    0    0     0     0 10685 7836 27 16 57  0  0  0
 2  0      0 7411100  19832 377992    0    0     0     0 10587 7839 28 14 57  0  1  0
 0  0      0 7411100  19832 377992    0    0     0     0 11029 8334 28 16 56  0  0  0
 0  0      0 7411100  19832 377992    0    0     0     0 10969 8198 31 15 52  0  1  0
 0  0      0 7411100  19832 377992    0    0     0     0 10810 7850 30 16 52  0  2  0
 0  0      0 7411100  19832 377992    0    0     0     0 10368 7629 31 16 48  0  5  0
 5  0      0 7411100  19832 377992    0    0     0     0 10324 7545 33 16 47  0  4  0
 2  0      0 7411100  19832 377992    0    0     0     0 10872 8083 29 16 54  0  1  0
 3  0      0 7411100  19832 377992    0    0     0     0 10974 8301 30 14 54  0  1  0
 3  0      0 7411100  19832 377992    0    0     0     0 11060 8396 28 16 55  0  1  0
 1  0      0 7411100  19832 377992    0    0     0     0 10941 8242 29 16 54  0  1  0
 0  0      0 7411100  19832 377992    0    0     0     0 10859 8205 28 16 55  0  1  0
 0  0      0 7411100  19832 377992    0    0     0     0 11056 8407 29 15 55  0  0  0
 2  0      0 7411100  19832 377992    0    0     0     0 11132 8321 31 15 52  0  1  0
 3  0      0 7411100  19832 377992    0    0     0     0 11185 8454 28 15 55  0  1  0
 2  0      0 7411100  19832 377992    0    0     0     0 10884 8039 30 16 53  0  1  0
 0  0      0 7411100  19832 377992    0    0     0     0 10789 7942 30 15 54  0  1  0
 5  0      0 7411100  19832 377992    0    0     0     0 11108 8409 29 16 54  0  1  0
 0  0      0 7411100  19832 377992    0    0     0     0 11135 8472 31 15 53  0  1  0
 0  0      0 7411100  19832 377992    0    0     0     0 11088 8320 28 17 53  0  2  0
 0  0      0 7411100  19832 377992    0    0     0     0 10849 8132 30 15 54  0  0  0
 0  0      0 7411100  19832 377992    0    0     0  4464 11056 8244 32 16 50  0  1  0
 0  0      0 7411100  19832 378000    0    0     0     0 10950 8378 32 16 50  0  2  0
 5  0      0 7411100  19832 378000    0    0     0     0 11067 8372 29 17 53  0  1  0
 0  0      0 7411100  19832 378000    0    0     0     0 10049 7582 29 14 57  0  1  0
 0  0      0 7411100  19832 378000    0    0     0     4 2219 1491  5  3 93  0  0  0
 0  0      0 7411100  19832 378000    0    0     0     0 2459 1736  5  3 92  0  1  0
 0  0      0 7411100  19840 377992    0    0     0    40 2540 1735  6  3 92  0  0  0
 0  0      0 7411100  19840 378000    0    0     0     0 2564 1782  5  5 90  0  0  0
 0  0      0 7411100  19840 378000    0    0     0     0 2572 1857  6  4 89  0  0  0
 0  0      0 7411100  19840 377992    0    0     0     0 2393 1534  5  3 91  0  0  0
 0  0      0 7411100  19840 377992    0    0     0     0 2708 1985  7  4 89  0  0  0
 0  0      0 7411100  19840 377992    0    0     0     0 2539 1751  5  4 92  0  0  0
 0  0      0 7411100  19840 377992    0    0     0     0 2319 1593  5  3 91  0  0  0
 0  0      0 7411100  19840 377992    0    0     0     0 2715 1869  6  3 91  0  0  0
 0  0      0 7411100  19840 377992    0    0     0     0 2422 1618  6  3 92  0  0  0
 0  0      0 7411100  19840 377992    0    0     0     0 2691 2015  7  5 87  0  0  0
 0  0      0 7411100  19840 377992    0    0     0     0 2532 1769  5  3 92  0  0  0
 0  0      0 7411100  19840 377992    0    0     0     0 2410 1557  4  4 92  0  0  0
 0  0      0 7411100  19840 377992    0    0     0     0 2433 1674  7  3 89  0  0  0
 0  0      0 7411100  19840 377992    0    0     0     0 2322 1594  5  4 91  0  0  0
 0  0      0 7411100  19840 377992    0    0     0     0 2190 1436  6  4 90  0  1  0
 0  0      0 7411100  19840 377992    0    0     0     0 2351 1648  5  3 92  0  0  0
 0  0      0 7411100  19840 377992    0    0     0     0 2513 1722  6  2 91  0  0  0
 0  0      0 7411100  19840 377992    0    0     0     0 2360 1607  5  4 92  0  0  0
 0  0      0 7411100  19840 377992    0    0     0     0 2292 1571  6  3 91  0  0  0
 0  0      0 7411100  19840 377992    0    0     0     0 2704 1916  6  4 91  0  0  0
 0  0      0 7411100  19840 377992    0    0     0     0 2520 1781  6  3 91  0  0  0
 0  0      0 7411100  19840 377992    0    0     0     0 2240 1412  5  4 91  0  0  0
 0  0      0 7411100  19840 377992    0    0     0     0 2581 1795  5  4 91  0  0  0
 0  0      0 7411100  19840 377992    0    0     0     0 2408 1591  6  4 90  0  1  0
 0  0      0 7411100  19840 377992    0    0     0     0 2625 1869  7  4 90  0  0  0
 0  0      0 7411100  19840 377992    0    0     0     0 2261 1473  5  3 92  0  1  0
 0  0      0 7411100  19840 377992    0    0     0  4380 2298 1447  5  2 93  1  0  0
 0  0      0 7411100  19840 377992    0    0     0     0 2682 1961  6  4 90  0  0  0
 0  0      0 7413072  20424 377996    0    0   584     0 2895 2278  8  5 76 10  0  0
 0  0      0 7413004  20424 378192    0    0     0     0 2512 1783  5  3 92  0  1  0
 0  0      0 7413004  20424 378192    0    0     0     0 2359 1609  5  3 93  0  0  0
 0  0      0 7413004  20424 378192    0    0     0     8 1839 1309  4  3 94  0  0  0
 0  0      0 7413004  20424 378192    0    0     0     0   63   47  0  0 100  0  0  0
 0  0      0 7413004  20432 378184    0    0     0    36   51   47  0  0 100  0  0  0
 0  0      0 7413004  20432 378192    0    0     0     0   53   46  0  0 100  0  0  0
