procs -----------memory---------- ---swap-- -----io---- -system-- -------cpu-------
 r  b   swpd   free   buff  cache   si   so    bi    bo   in   cs us sy id wa st gu
 1  0      0 363240  21192 825212    0    0   498  1067 1711    7 22  3 73  2  0  0
 2  0      0 363240  21192 825212    0    0     0     0 2802 1559 47  2 51  0  0  0
 1  0      0 363240  21192 825212    0    0     0     0 4764 2399 73  3 24  0  0  0
 2  0      0 363240  21192 825212    0    0     0     0 4603 2346 72  3 25  0  0  0
 2  0      0 363240  21192 825212    0    0     0     0 4003 2329 84  3 13  0  0  0
 1  0      0 363240  21192 825212    0    0     0     0 4459 2506 66  4 31  0  0  0
 1  0      0 363240  21192 825212    0    0     0     0 4768 2523 65  4 30  0  0  0
 0  0      0 363240  21192 825212    0    0     0  2024 5224 2658 62  4 34  1  0  0
 1  0      0 363240  21192 825212    0    0     0     0 5031 2448 62  5 33  0  1  0
 1  0      0 363240  21192 825212    0    0     0     0 4650 2308 51  5 44  0  1  0
 0  0      0 363240  21192 825212    0    0     0     0 4643 2516 35  5 60  0  1  0
 1  0      0 363240  21192 825212    0    0     0     0 4720 2505 55  4 41  0  1  0
 0  0      0 363240  21192 825212    0    0     0     0 4617 2673 41  5 54  0  0  0
 1  0      0 363240  21192 825212    0    0     0     0 4886 2653 19  3 77  0  1  0
 1  0      0 363240  21200 825212    0    0     0    36 4895 2764 18  4 78  0  0  0
 1  0      0 363240  21200 825212    0    0     0     0 5138 2981 28  3 69  0  0  0
 1  0      0 363240  21200 825212    0    0     0     0 4705 2420 71  4 25  0  1  0
 1  0      0 363240  21200 825212    0    0     0     0 4852 2624 45  4 52  0  0  0
 0  0      0 363240  21200 825212    0    0     0    16 5117 2791 22  4 75  0  0  0
 0  0      0 363240  21200 825212    0    0     0     0 4883 2858 17  4 79  0  0  0
 2  0      0 363240  21200 825212    0    0     0     0 4636 2762 30  4 65  0  1  0
 0  0      0 363240  21200 825212    0    0     0     0 4978 2771 24  4 73  0  0  0
 1  0      0 363240  21200 825212    0    0     0     0 4578 2785 17  4 79  0  1  0
 0  0      0 363240  21200 825212    0    0     0     0 4764 2659 17  3 80  0  0  0
 1  0      0 363240  21200 825212    0    0     0     0 4487 2869 16  4 80  0  0  0
 1  0      0 363240  21200 825212    0    0     0     0 4782 2953 25  4 71  0  1  0
 1  0      0 363240  21200 825212    0    0     0     0 4639 2894 24  4 72  0  0  0
 0  0      0 363240  21200 825212    0    0     0     0 4701 2793 26  4 70  0  0  0
 1  0      0 363240  21200 825212    0    0     0     0 4612 2873 15  4 81  0  0  0
 0  0      0 363240  21200 825212    0    0     0     0 4693 2756 16  4 79  0  1  0
 0  0      0 363240  21200 825212    0    0     0     0 4939 2855 17  3 80  0  0  0
 0  0      0 363240  21200 825212    0    0     0     0 4832 2726 15  3 81  0  1  0
 0  0      0 363240  21200 825212    0    0     0     0 5017 2820 15  4 81  0  0  0
 0  0      0 363240  21200 825212    0    0     0     0 5094 2835 15  4 81  0  0  0
 1  0      0 363240  21200 825212    0    0     0     0 5181 3028 16  4 79  0  1  0
 0  0      0 363240  21200 825212    0    0     0     0 5221 2931 15  3 82  0  0  0
 0  0      0 363240  21200 825212    0    0     0     0 5202 2918 16  3 81  0  0  0
 0  0      0 363240  21200 825212    0    0     0     0 4832 2930 33  4 63  0  0  0
 0  0      0 363240  21200 825212    0    0     0     0 5057 3056 15  4 81  0  0  0
 0  0      0 363240  21200 825212    0    0     0     0 4682 3168 15  4 81  0  1  0
 0  0      0 363240  21200 825212    0    0     0     0 4909 2985 15  4 81  0  0  0
 0  0      0 363240  21200 825212    0    0     0     0 4925 2918 15  3 82  0  0  0
 1  0      0 363240  21200 825212    0    0     0     0 4863 2944 15  3 82  0  0  0
 1  0      0 363240  21200 825212    0    0     0     0 5061 2967 15  4 81  0  1  0
 0  0      0 363240  21200 825212    0    0     0    24 4941 3008 17  4 78  0  0  0
 1  0      0 363240  21200 825212    0    0     0     0 4915 2977 14  3 83  0  0  0
 1  0      0 363240  21200 825212    0    0     0     0 4528 3055 14  5 81  0  1  0
 1  0      0 363240  21200 825212    0    0     0     0 5049 3033 31  3 66  0  0  0
 1  0      0 363240  21200 825212    0    0     0     0 4995 3084 13  4 82  0  0  0
 0  0      0 363240  21208 825204    0    0     0    28 4821 2960 15  4 81  1  0  0
 0  0      0 363240  21208 825212    0    0     0     0 4827 2974 15  3 82  0  0  0
 1  0      0 363240  21208 825212    0    0     0     0 4971 2752 15  4 81  0  1  0
 1  0      0 363240  21208 825212    0    0     0     0 4700 2929 15  3 82  0  0  0
 0  0      0 363240  21208 825212    0    0     0     0 5146 2878 16  4 80  0  0  0
 1  0      0 363240  21208 825212    0    0     0     0 5252 2954 15  3 82  0  1  0
 0  0      0 363240  21208 825212    0    0     0     0 4955 2948 15  4 82  0  0  0
 1  0      0 363240  21208 825212    0    0     0     0 4679 2877 16  3 81  0  0  0
 1  0      0 363240  21208 825212    0    0     0     0 4645 2955 30  4 66  0  0  0
 1  0      0 363240  21208 825212    0    0     0     0 4727 3038 16  3 81  0  1  0
 0  0      0 363240  21208 825212    0    0     0     0 4994 2898 16  4 80  0  0  0
 1  0      0 363240  21208 825212    0    0     0     0 4731 2978 14  4 81  0  0  0
 0  0      0 363240  21208 825212    0    0     0     0 1970 1214  7  1 92  0  0  0
 0  0      0 363240  21208 825212    0    0     0     0  140  124  0  0 100  0  0  0
 0  0      0 363240  21212 825376    0    0   168     0  326  315  1  2 97  1  0  0
 0  0      0 363240  21212 825380    0    0     0     0  144  130  0  0 100  0  0  0
