procs -----------memory---------- ---swap-- -----io---- -system-- -------cpu-------
 r  b   swpd   free   buff  cache   si   so    bi    bo   in   cs us sy id wa st gu
 1  0      0 243044  15656 421916    0    0   606   853 1415    4  5  3 90  2  0  0
 3  0      0 242980  15656 421976    0    0     0   344 10382 7996 35 20 39  0  5  0
 4  0      0 242980  15656 421976    0    0     0     4 10423 7442 32 21 42  0  5  0
 4  0      0 242980  15656 421976    0    0     0     0 11627 8782 34 20 42  0  3  0
 1  0      0 242980  15656 421976    0    0     0     0 11205 8186 32 18 48  0  2  0
 1  0      0 242980  15656 421976    0    0     0     0 10222 7262 29 18 49  0  4  0
 0  0      0 242980  15656 421976    0    0     0     0 12334 9535 39 21 38  0  3  0
 0  0      0 242980  15656 421976    0    0     0     0 11497 8526 30 19 50  0  1  0
 2  0      0 242980  15656 421976    0    0     0     0 13091 10457 34 18 47  0  1  0
 0  0      0 242980  15656 421976    0    0     0     0 12507 9681 28 16 55  0  1  0
 3  0      0 242980  15656 421976    0    0     0     0 13379 10662 30 17 52  0  1  0
 3  0      0 242980  15656 421976    0    0     0     0 14322 11827 33 19 46  0  1  0
 0  0      0 242980  15656 421976    0    0     0     0 13933 11426 36 21 43  0  1  0
 2  0      0 242980  15656 421976    0    0     0     0 13908 11329 35 22 41  0  2  0
 2  0      0 242980  15656 421976    0    0     0     0 13704 11132 40 21 38  0  2  0
 3  0      0 242980  15656 421976    0    0     0     0 13952 11352 34 20 45  0  1  0
 1  0      0 242980  15656 421976    0    0     0     0 13741 11106 35 21 43  0  1  0
 0  0      0 242980  15656 421976    0    0     0     0 13307 10800 36 22 40  0  2  0
 1  0      0 242980  15656 421976    0    0     0     0 14148 11648 34 20 46  0  1  0
 0  0      0 242980  15656 421976    0    0     0     0 13987 11304 36 20 44  0  1  0
 0  0      0 242980  15656 421976    0    0     0     0 14392 11715 32 20 48  0  1  0
 2  0      0 242980  15664 421968    0    0     0    48 13793 11208 35 21 43  0  2  0
 1  0      0 242980  15664 421976    0    0     0     0 13731 11135 35 20 43  0  2  0
 2  0      0 242980  15664 421976    0    0     0    52 13985 11434 35 19 44  0  1  0
 2  0      0 242980  15664 421976    0    0     0    12 14085 11509 34 20 45  0  1  0
11  0      0 242980  15664 421976    0    0     0     0 2419 1927  9  5 85  0  0  0
12  0      0 242980  15664 421976    0    0     0  1664 2187 1779 14 10 76  0  0  0
10  0      0 242980  15664 421976    0    0     0     0 2248 1823 10  5 84  0  1  0
 5  0      0 242980  15664 421976    0    0     0     0 2227 1789 13  6 81  0  0  0
 1  0      0 242980  15664 421976    0    0     0     0 2120 1659 15  7 76  0  1  0
 3  0      0 242980  15664 421976    0    0     0     0 2223 1828 15  9 76  0  0  0
 2  0      0 242980  15664 421976    0    0     0     0 2214 1853  9  5 86  0  0  0
 0  0      0 242980  15664 421976    0    0     0     0 2290 1949 15  9 76  0  0  0
 1  0      0 242980  15664 421976    0    0     0     0 2152 1750  8  8 84  0  0  0
 1  0      0 242980  15664 421976    0    0     0     0 2216 1834 12  5 82  0  1  0
 1  0      0 242980  15664 421976    0    0     0     0 2091 1734 17  8 75  0  0  0
 0  0      0 242980  15664 421976    0    0     0     0 2032 1645 12  6 82  0  0  0
 0  0      0 242980  15664 421976    0    0     0     0 1983 1651 21 13 64  0  2  0
 3  0      0 242980  15664 421976    0    0     0     0 2166 1809 10  7 84  0  0  0
 3  0      0 242980  15664 421976    0    0     0     0 1997 1616 42 16 42  0  0  0
 0  0      0 242980  15664 421976    0    0     0     0 2156 1726 12  5 83  0  0  0
 2  0      0 242980  15664 421976    0    0     0     0 1995 1621  9  6 84  0  0  0
 1  0      0 242980  15664 421976    0    0     0     0 2119 1694 23  9 66  0  2  0
 0  0      0 242980  15664 421976    0    0     0     0 2124 1707 11  7 83  0  0  0
 2  0      0 242980  15664 421976    0    0     0     0 2137 1715 12  7 80  0  1  0
 0  0      0 242980  15664 421976    0    0     0     0 2091 1671 15  9 76  0  0  0
 2  0      0 242980  15664 421976    0    0     0     0 2068 1650 15  8 76  0  0  0
 2  0      0 242980  15664 421976    0    0     0     0 2114 1744 18  8 74  0  0  0
 1  0      0 242980  15664 421976    0    0     0     4 2232 1864  9  3 88  0  0  0
 1  0      0 242980  15664 421976    0    0     0     0 2117 1746 13 12 74  0  1  0
 3  0      0 242980  15664 421976    0    0     0     0 2104 1754 14  8 78  0  0  0
 3  0      0 242980  15664 421976    0    0     0     0 2100 1685 10  5 84  0  0  0
 3  0      0 242980  15664 421976    0    0     0     0 2084 1699 12  6 81  0  1  0
 4  0      0 242980  15664 421976    0    0     0     0 2124 1789 14  8 78  0  0  0
 0  0      0 242980  15664 421976    0    0     0     0 2105 1742 19 15 66  0  0  0
 4  0      0 242980  15672 421968    0    0     0    32 1985 1637 39 14 43  0  4  0
 0  0      0 242980  15672 421976    0    0     0     0 2133 1769 12  9 78  0  0  0
 4  0      0 243592  15672 421976    0    0     0     0 2090 1706 11  4 85  0  0  0
 6  0      0 243636  15672 421976    0    0     0     0 2101 1764 19 13 68  0  0  0
 1  0      0 243636  15672 421976    0    0     0     0 2051 1724 10  5 84  0  1  0
 1  0      0 241712  15672 421976    0    0     0     0 1591 1147 27 16 57  0  0  0
 1  0      0 188144  15672 421976    0    0     4     0  340  154  0  9 88  3  0  0
 1  0      0 140528  15672 421984    0    0     0     0  312  147  0  9 91  0  0  0
 1  0      0  88944  15672 421984    0    0     0     0  302  150  0 11 89  0  0  0
 0  0      0  52556  12200 399736    0    0     0     0  349  183  0 10 90  0  0  0
