procs -----------memory---------- ---swap-- -----io---- -system-- -------cpu-------
 r  b   swpd   free   buff  cache   si   so    bi    bo   in   cs us sy id wa st gu
 1  0      0 268172  15136 421532    0    0   835  1160  756    2  5  2 90  3  0  0
 0  0      0 268076  15136 421532    0    0     0     0 4554 2872  7  6 86  0  1  0
 0  0      0 268076  15136 421532    0    0     0     0 10815 6869 15 14 71  0  0  0
 0  0      0 268076  15136 421532    0    0     0     0 10671 6575 14 12 74  0  1  0
 2  0      0 268076  15136 421532    0    0     0     0 9617 5783 14 12 73  0  0  0
 0  0      0 268076  15136 421532    0    0     0     0 10880 6962 17 13 68  0  1  0
 0  0      0 268076  15136 421532    0    0     0     0 10615 6646 16 14 69  0  1  0
 0  0      0 268076  15136 421532    0    0     0     0 9941 6077 17 12 70  0  1  0
 1  0      0 268076  15136 421532    0    0     0     0 9353 5828 15 13 71  0  0  0
 0  0      0 268076  15136 421532    0    0     0     0 10966 7026 17 14 69  0  0  0
 0  0      0 268076  15136 421532    0    0     0     0 10036 6083 15 14 70  0  1  0
 0  0      0 268076  15136 421532    0    0     0     0 10340 6562 15 14 71  0  1  0
 2  0      0 268076  15136 421532    0    0     0     0 11295 7367 18 14 68  0  1  0
 0  0      0 268076  15136 421532    0    0     0     0 11048 7062 16 14 69  0  0  0
 1  0      0 268076  15136 421532    0    0     0     0 11030 6940 16 13 70  0  0  0
 0  0      0 268076  15136 421532    0    0     0     0 11828 7943 17 14 68  0  0  0
 0  0      0 268076  15136 421532    0    0     0     0 10576 6813 16 12 72  0  1  0
 0  0      0 268076  15136 421532    0    0     0     0 11761 7881 18 15 67  0  1  0
 0  0      0 268076  15136 421532    0    0     0     0 10863 7090 18 15 65  0  1  0
 0  0      0 268076  15136 421532    0    0     0     0 10656 6821 18 14 66  0  1  0
 0  0      0 268076  15136 421532    0    0     0     0 12347 8360 16 15 68  0  1  0
 1  0      0 268076  15136 421532    0    0     0     0 11342 7234 16 14 70  0  1  0
 2  0      0 268076  15136 421532    0    0     0     0 11275 7317 17 13 69  0  1  0
 0  0      0 268076  15136 421532    0    0     0     0 12359 8474 19 17 64  0  1  0
 1  0      0 268076  15136 421532    0    0     0     0 10868 6934 17 14 68  0  1  0
 1  0      0 268076  15136 421532    0    0     0     0 11359 7440 18 14 67  0  1  0
 2  0      0 268076  15136 421532    0    0     0  1832 12105 8203 19 16 63  0  1  0
 1  0      0 268076  15136 421532    0    0     0     0 10850 6880 17 14 68  0  1  0
 0  0      0 268076  15136 421532    0    0     0     0 11110 7272 21 15 63  0  1  0
 0  0      0 268076  15144 421524    0    0     0    72 5811 3905 12  9 78  1  1  0
 0  0      0 268076  15144 421532    0    0     0     0 3007 1936  5  4 91  0  0  0
 0  0      0 268076  15144 421532    0    0     0     0 2441 1440  4  3 93  0  1  0
 0  0      0 268076  15144 421532    0    0     0     0 2253 1289  4  2 94  0  0  0
 0  0      0 268076  15144 421532    0    0     0     0 2118 1230  3  3 94  0  0  0
 0  0      0 268076  15144 421532    0    0     0     0 2809 1792  4  3 93  0  0  0
 0  0      0 268076  15144 421532    0    0     0     4 3158 2129  5  4 90  0  0  0
 0  0      0 268076  15144 421532    0    0     0     0 3074 2024  5  3 92  0  0  0
 0  0      0 268076  15144 421532    0    0     0     0 3242 2131  5  4 92  0  0  0
 0  0      0 268076  15144 421532    0    0     0     0 3041 1984  5  4 91  0  1  0
 0  0      0 268076  15144 421532    0    0     0     0 3134 2102  5  5 91  0  0  0
 0  0      0 268076  15144 421532    0    0     0     0 2947 1911  4  4 92  0  0  0
 0  0      0 268076  15144 421532    0    0     0     0 2425 1409  3  3 94  0  0  0
 0  0      0 268076  15144 421532    0    0     0     0 2550 1480  4  4 91  0  1  0
 0  0      0 268076  15144 421532    0    0     0     0 2293 1496  4  3 93  0  0  0
 0  0      0 268076  15144 421532    0    0     0     0 2729 1706  4  3 92  0  0  0
 0  0      0 268076  15144 421532    0    0     0     0 3060 2028  5  3 92  0  0  0
 0  0      0 268076  15144 421532    0    0     0     0 3180 2161  5  4 91  0  0  0
 0  0      0 268076  15144 421532    0    0     0     0 3175 2067  5  4 91  0  1  0
 0  0      0 268076  15144 421532    0    0     0     0 2990 1976  5  4 91  0  0  0
 0  0      0 268076  15144 421532    0    0     0     0 3122 2088  5  4 91  0  1  0
 0  0      0 268076  15144 421532    0    0     0     0 2340 1326  3  3 95  0  0  0
 0  0      0 268076  15144 421532    0    0     0     0 2528 1530  5  4 91  0  0  0
 0  0      0 268076  15144 421532    0    0     0     0 2201 1254  4  3 93  0  0  0
 0  0      0 268076  15144 421532    0    0     0     0 2480 1489  5  4 92  0  1  0
 0  0      0 268076  15144 421532    0    0     0     0 3059 2006  6  3 91  0  1  0
 0  0      0 268076  15144 421532    0    0     0     0 2966 1911  6  5 88  0  1  0
 0  0      0 268076  15144 421532    0    0     0     0 3041 1988  5  4 91  0  0  0
 0  0      0 268076  15144 421532    0    0     0     0 2884 1858  4  4 92  0  1  0
 0  0      0 268076  15144 421532    0    0     0     0 2982 1921  5  5 90  0  1  0
 0  0      0 267980  15144 421532    0    0     0     0 3077 1997  6  5 89  0  0  0
 0  0      0 267980  15152 421524    0    0     0    12 2371 1377  4  3 93  0  1  0
 0  0      0 267980  15152 421532    0    0     0     0 1397  837  3  2 95  0  0  0
 0  0      0 267980  15152 421532    0    0     0     0   54   34  0  0 100  0  0  0
 0  0      0 267980  15152 421532    0    0     0     0  130  100  0  1 99  0  0  0
 0  0      0 267980  15152 421532    0    0     0     0   44   34  0  0 100  0  0  0
