procs -----------memory---------- ---swap-- -----io---- -system-- -------cpu-------
 r  b   swpd   free   buff  cache   si   so    bi    bo   in   cs us sy id wa st gu
 1  0      0 276180  15096 418296    0    0   958  1319  739    2  5  2 89  3  0  0
 0  0      0 276060  15096 418340    0    0     0   256 1742  595  3  1 96  0  0  0
 0  0      0 275940  15096 418460    0    0     0     0 1956  687  2  1 97  0  1  0
 0  0      0 275940  15096 418500    0    0     0     0 2332  794  3  1 96  0  0  0
 0  0      0 275820  15096 418620    0    0     0   256 2312  784  3  2 95  0  1  0
 0  0      0 275820  15096 418660    0    0     0     0 2435  811  3  2 96  0  0  0
 0  0      0 275700  15096 418772    0    0     0     0 2446  833  3  2 95  0  0  0
 0  0      0 275628  15096 418820    0    0     0   256 2515  853  3  2 95  0  1  0
 0  0      0 275460  15096 418932    0    0     0     0 2453  816  3  2 95  0  0  0
 0  0      0 275460  15096 418980    0    0     0     0 2434  804  3  2 95  0  1  0
 0  0      0 275340  15096 419092    0    0     0   256 2507  842  3  2 95  1  0  0
 0  0      0 275340  15096 419140    0    0     0     0 2610  882  3  2 95  0  1  0
 1  0      0 275148  15096 419220    0    0     0     0 2568  869  3  2 95  0  0  0
 0  0      0 275100  15096 419332    0    0     0   256 2486  870  4  2 94  0  1  0
 0  0      0 275100  15096 419412    0    0     0     0 2677  910  3  3 94  0  0  0
 0  0      0 274860  15096 419476    0    0     0     0 2479  842  3  2 95  0  1  0
 0  0      0 274860  15096 419540    0    0     0     0 2488  854  3  2 96  0  0  0
 1  0      0 274740  15096 419652    0    0     0   256 2468  862  4  2 94  0  1  0
 0  0      0 274668  15096 419692    0    0     0     0 2318  830  2  1 97  0  0  0
 0  0      0 274620  15096 419812    0    0     0     0 2353  842  4  2 94  0  1  0
 0  0      0 274500  15096 419892    0    0     0   256 2634  951  4  2 94  1  0  0
 0  0      0 274428  15096 419932    0    0     0     0 2614  943  3  2 94  0  1  0
 0  0      0 274380  15096 420052    0    0     0     0  836  323  1  1 98  0  0  0
 0  0      0 274260  15104 420116    0    0     0  2128  788  324  1  1 97  1  0  0
 0  0      0 274260  15104 420212    0    0     0     0  736  295  1  1 99  0  0  0
 0  0      0 274140  15104 420292    0    0     0     0  685  265  1  1 99  0  1  0
 0  0      0 274140  15104 420372    0    0     0   256  724  327  1  1 98  1  0  0
 0  0      0 273900  15104 420452    0    0     0   124  716  279  1  1 98  0  0  0
 0  0      0 273900  15104 420492    0    0     0   280  780  362  1  1 98  0  0  0
 1  0      0 273780  15104 420612    0    0     0    88  754  308  1  1 98  0  1  0
 0  0      0 273708  15104 420652    0    0     0   168  724  272  1  1 98  0  0  0
 0  0      0 273660  15104 420764    0    0     0     0  751  353  2  0 98  0  0  0
 0  0      0 273540  15104 420812    0    0     0     0  703  280  1  1 98  0  0  0
 0  0      0 273420  15104 420924    0    0     0   256  723  275  1  1 98  1  0  0
 0  0      0 272604  15104 420972    0    0     0     0  751  303  2  1 97  0  1  0
 0  0      0 272432  15104 421084    0    0     0     0  703  275  1  0 99  0  0  0
 0  0      0 272360  15104 421132    0    0     0   256  745  304  1  1 98  0  0  0
 0  0      0 272312  15104 421244    0    0     0     0  804  303  1  1 98  0  0  0
 0  0      0 272192  15104 421292    0    0     0     0 1025  401  2  0 98  0  0  0
 0  0      0 272192  15104 421380    0    0     0   256  971  369  2  2 97  0  0  0
 0  0      0 272192  15104 421484    0    0     0     0  779  303  1  1 98  0  1  0
 0  0      0 272072  15120 421516    0    0     0   284 1894 2288  1  2 95  2  0  0
 0  0      0 272072  15120 421516    0    0     0     0  728  266  1  1 98  0  0  0
 0  0      0 272072  15120 421516    0    0     0     0  748  285  1  1 98  0  0  0
 0  0      0 272072  15120 421516    0    0     0     0  748  272  2  1 98  0  0  0
 0  0      0 272072  15120 421516    0    0     0     0  697  258  2  1 98  0  1  0
 0  0      0 272072  15120 421516    0    0     0     0  724  283  1  1 99  0  0  0
 0  0      0 272072  15120 421516    0    0     0     0  844  304  2  1 98  0  0  0
 0  0      0 272072  15120 421516    0    0     0     0 1152  448  1  1 98  0  0  0
 0  0      0 272072  15120 421516    0    0     0     0 1303  484  2  1 97  0  1  0
 0  0      0 272072  15120 421516    0    0     0     8 1364  534  1  1 98  0  0  0
 0  0      0 272072  15120 421516    0    0     0     0 1491  547  1  1 98  0  0  0
 0  0      0 272072  15120 421516    0    0     0     0 1431  533  2  1 97  0  1  0
 0  0      0 272072  15120 421516    0    0     0     0  948  344  1  0 99  0  0  0
 0  0      0 272072  15120 421516    0    0     0     0  774  297  1  1 98  0  0  0
 0  0      0 272072  15120 421516    0    0     0     0  760  267  1  1 98  0  0  0
 0  0      0 272072  15120 421516    0    0     0     0  784  293  1  0 99  0  0  0
 0  0      0 272072  15120 421516    0    0     0     0 1050  360  2  1 97  0  1  0
 0  0      0 272072  15120 421516    0    0     0     0 1147  406  2  1 97  0  0  0
 0  0      0 272072  15120 421516    0    0     0     0 1571  546  2  1 97  0  0  0
 0  0      0 272072  15120 421516    0    0     0     0  807  280  2  1 98  0  0  0
 0  0      0 272072  15120 421516    0    0     0     0  149   60  0  0 100  0  0  0
 0  0      0 272072  15120 421516    0    0     0     0  114   70  0  1 99  0  0  0
 0  0      0 272072  15120 421516    0    0     0     0   92   58  1  0 100  0  0  0
 0  0      0 272072  15120 421516    0    0     0     0   74   54  0  0 100  0  0  0
