procs -----------memory---------- ---swap-- -----io---- -system-- -------cpu-------
 r  b   swpd   free   buff  cache   si   so    bi    bo   in   cs us sy id wa st gu
 1  0      0 250640  15628 421716    0    0   668   936 1357    4  5  3 89  2  0  0
 0  0      0 250576  15628 421724    0    0     0   316   93   66  0  0 99  1  0  0
 0  0      0 250576  15628 421724    0    0     0     0 1656  885  3  3 94  0  0  0
 0  0      0 250576  15628 421724    0    0     0     0 2715 1484  5  3 92  0  1  0
 0  0      0 250576  15628 421724    0    0     0     0 3109 1468  5  3 92  0  1  0
 0  0      0 250576  15628 421724    0    0     0     0 2800 1232  4  2 94  0  1  0
 0  0      0 250576  15628 421724    0    0     0     0 3326 1544  6  3 91  0  1  0
 1  0      0 250576  15628 421724    0    0     0     0 3292 1431  5  2 92  0  1  0
 1  0      0 250576  15628 421724    0    0     0     0 3478 1539  5  4 91  0  1  0
 0  0      0 250576  15628 421724    0    0     0     0 3201 1458  6  3 91  0  1  0
 1  0      0 250576  15628 421724    0    0     0     0 3050 1428  7  2 90  0  1  0
 1  0      0 250576  15628 421724    0    0     0     0 3421 1494  7  3 89  0  1  0
 0  0      0 250576  15628 421724    0    0     0     0 3118 1549  7  4 88  0  2  0
 0  0      0 250576  15628 421724    0    0     0     0 3217 1524  7  4 88  0  1  0
 1  0      0 250576  15628 421724    0    0     0     0 3609 1630  6  4 89  0  1  0
 1  0      0 250576  15628 421724    0    0     0     0 3677 1650  5  2 92  0  1  0
 0  0      0 250576  15636 421716    0    0     0    44 3433 1739  7  4 88  1  1  0
 1  0      0 250576  15636 421724    0    0     0     0 2721 1446  6  4 89  0  1  0
 1  0      0 250576  15636 421724    0    0     0     0 3483 1548  6  2 91  0  1  0
 0  0      0 250576  15636 421724    0    0     0     0 3475 1722  7  4 88  0  1  0
 0  0      0 250576  15636 421724    0    0     0     0 3102 1694  6  5 88  0  1  0
 0  0      0 250576  15636 421724    0    0     0     0 3214 1700  7  4 87  0  2  0
 0  0      0 250496  15636 421724    0    0     0     0 3136 1720  7  5 87  0  2  0
 0  0      0 250464  15636 421724    0    0     0     0 2985 1656  7  4 88  0  2  0
 1  0      0 250464  15636 421724    0    0     0     0 3107 1626  6  4 88  0  2  0
 1  0      0 250560  15636 421724    0    0     0     4 3511 1685  7  3 89  0  2  0
 0  0      0 250624  15636 421724    0    0     0  1648 3692 1669  6  3 89  1  2  0
 1  0      0 250624  15636 421724    0    0     0     0 3064 1667  7  5 87  0  2  0
 1  0      0 250624  15636 421724    0    0     0     0 3107 1637  7  4 88  0  2  0
 0  0      0 250624  15636 421724    0    0     0     0 3106 1720  7  4 88  0  2  0
 0  0      0 250624  15636 421724    0    0     0     0 3081 1652  7  5 87  0  1  0
 0  0      0 250624  15636 421724    0    0     0     0 3348 1676  7  4 87  0  2  0
 1  0      0 250624  15636 421724    0    0     0     0 3562 1609  8  3 87  0  2  0
 0  0      0 250624  15636 421724    0    0     0     0 3011 1694  7  4 88  0  2  0
 0  0      0 250624  15636 421724    0    0     0     0 3203 1728  7  4 87  0  3  0
 0  0      0 250624  15636 421724    0    0     0     0 3361 1768  7  4 87  0  3  0
 0  0      0 250624  15636 421724    0    0     0     0 3778 1752  6  4 88  0  3  0
 0  0      0 250624  15636 421724    0    0     0     0 3599 1749  6  4 89  0  2  0
 0  0      0 250624  15636 421724    0    0     0     0 3601 1692  7  3 89  0  1  0
 0  0      0 250624  15636 421724    0    0     0     0 3348 1830  7  4 88  0  1  0
 0  0      0 250624  15636 421724    0    0     0     0 3300 1934  7  4 88  0  2  0
 1  0      0 250624  15636 421724    0    0     0     0 3509 1758  8  4 87  0  2  0
 1  0      0 250624  15636 421724    0    0     0     0 3811 1770  8  4 87  0  2  0
 1  0      0 250624  15636 421724    0    0     0     0 3450 1743  8  3 88  0  2  0
 1  0      0 250624  15636 421724    0    0     0     0 3420 1792  8  4 87  0  2  0
 0  0      0 250624  15636 421724    0    0     0     0 3159 1759  7  5 86  0  2  0
 0  0      0 250624  15636 421724    0    0     0     0 3736 1774  6  3 89  0  2  0
 0  0      0 250624  15636 421724    0    0     0     0 3579 1826  7  5 85  0  3  0
 1  0      0 250624  15636 421724    0    0     0     0 3357 1770  8  4 86  0  2  0
 0  0      0 251292  15636 421724    0    0     0     0 3448 1866  7  4 87  0  2  0
 0  0      0 251292  15636 421724    0    0     0     0 3664 1757  7  4 88  0  2  0
 0  0      0 251292  15636 421724    0    0     0    12 3657 1725  8  4 86  0  2  0
 0  0      0 251292  15636 421724    0    0     0     0 3640 1651  7  3 89  0  2  0
 1  0      0 251292  15636 421724    0    0     0     0 3810 1721  6  3 89  0  2  0
 0  0      0 251292  15636 421724    0    0     0     0 3874 1750  7  3 90  0  1  0
 0  0      0 251292  15636 421724    0    0     0     0 3820 1708  9  3 87  0  2  0
 0  0      0 251292  15644 421716    0    0     0    32 3613 1756  7  4 88  0  1  0
 0  0      0 251292  15644 421724    0    0     0     0 3683 1700  7  2 89  0  2  0
 0  0      0 251292  15644 421724    0    0     0     0 3374 1709  8  4 86  0  2  0
 1  0      0 251292  15644 421724    0    0     0     0 3280 1803  6  4 89  0  2  0
 0  0      0 251292  15644 421724    0    0     0     0 3370 1740  7  4 87  0  2  0
 0  0      0 251292  15644 421724    0    0     0     0 3280 1768  9  4 86  0  2  0
 0  0      0 251292  15644 421724    0    0     0     0 1397  673  4  2 94  0  1  0
 0  0      0 251292  15644 421724    0    0     0     0   42   32  0  0 100  0  0  0
 0  0      0 253128  15648 421856    0    0   172     0  291  256  1  2 95  1  0  0
