procs -----------memory---------- ---swap-- -----io---- -system-- -------cpu-------
 r  b   swpd   free   buff  cache   si   so    bi    bo   in   cs us sy id wa st gu
 1  0      0 364132  21056 824980    0    0   625  1330 1083    3 19  2 77  2  0  0
 8  0      0 364788  21056 824980    0    0     0     0 4865 3707 33  7 60  0  0  0
11  0      0 369916  21056 824980    0    0     0  1596 12071 9400 82 18  1  0  0  0
11  0      0 374548  21056 824980    0    0     0     0 11780 8729 81 19  0  0  0  0
12  0      0 378372  21056 824980    0    0     0     0 10745 7905 85 14  1  0  0  0
10  0      0 378372  21056 824980    0    0     0     0 12291 9586 82 18  1  0  0  0
11  0      0 378372  21056 824980    0    0     0     0 12027 9300 82 17  1  0  0  0
12  0      0 378372  21056 824980    0    0     0     0 11264 8214 83 17  0  0  0  0
 7  0      0 377648  21064 824980    0    0     0    68 10833 8107 84 15  1  0  0  0
 9  0      0 377648  21064 824980    0    0     0     0 12272 9415 82 17  1  0  0  0
 9  0      0 377648  21064 824980    0    0     0     0 11283 8368 84 16  0  0  0  0
12  0      0 377648  21064 824980    0    0     0     0 11684 8797 82 17  1  0  0  0
 8  0      0 377648  21064 824980    0    0     0     0 12552 10064 80 19  1  0  0  0
10  0      0 377648  21064 824980    0    0     0     0 12331 9691 82 17  1  0  0  0
10  0      0 377648  21064 824980    0    0     0     0 11966 9363 81 18  0  0  0  0
 7  0      0 377648  21064 824980    0    0     0     0 13101 11405 78 19  3  0  0  0
10  0      0 377648  21064 824980    0    0     0     0 12021 9539 82 17  1  0  0  0
 8  0      0 377648  21064 824980    0    0     0     0 12958 10978 79 20  1  0  0  0
10  0      0 377648  21064 824980    0    0     0     0 12368 10061 82 17  1  0  0  0
10  0      0 377648  21064 824980    0    0     0     0 12026 9762 80 19  1  0  0  0
11  0      0 377648  21064 824980    0    0     0     0 13641 11341 78 22  1  0  0  0
 7  0      0 377648  21064 824980    0    0     0     0 12560 9915 82 17  1  0  0  0
 7  0      0 377648  21064 824980    0    0     0     0 12496 10037 83 17  0  0  0  0
 9  0      0 377648  21064 824980    0    0     0     0 13869 11434 76 22  1  0  0  0
11  0      0 377648  21064 824980    0    0     0     0 12376 9720 82 18  1  0  0  0
10  0      0 377648  21064 824980    0    0     0     0 12684 10177 81 19  1  0  0  0
 9  0      0 377648  21064 824980    0    0     0     0 13655 11140 78 21  1  0  0  0
 7  0      0 377648  21064 824980    0    0     0     0 12219 9166 81 18  1  0  0  0
11  0      0 377648  21064 824980    0    0     0     0 12684 10304 81 19  1  0  0  0
14  0      0 377648  21064 824980    0    0     0     0 7170 6186 75 22  3  0  0  0
12  0      0 377648  21064 824980    0    0     0     0 3299 2796 78 20  2  0  0  0
13  0      0 377648  21064 824980    0    0     0     0 2674 1870 86 14  0  0  0  0
13  0      0 377648  21064 824980    0    0     0     0 2381 1674 84 16  0  0  0  0
10  0      0 381596  21072 824972    0    0     0    20 2339 1930 82 16  2  0  0  0
 7  0      0 381648  21072 824972    0    0     0     0 3057 2746 78 20  2  0  0  0
 9  0      0 381648  21072 824972    0    0     0     0 3468 2993 80 20  0  0  0  0
 8  0      0 381648  21072 824972    0    0     0     0 3308 2806 71 27  2  0  0  0
 8  0      0 381648  21072 824972    0    0     0     0 3436 2917 76 24  0  0  0  0
 6  0      0 381648  21072 824972    0    0     0    20 3328 2857 75 22  4  0  0  0
11  0      0 381648  21072 824972    0    0     0    16 3415 2786 78 22  0  0  0  0
 6  0      0 381648  21072 824972    0    0     0     0 3185 2619 76 22  2  0  0  0
 6  0      0 381648  21072 824972    0    0     0     0 2543 1805 84 14  2  0  0  0
12  0      0 381648  21072 824972    0    0     0     0 2701 2156 79 19  0  0  2  0
 7  0      0 381648  21072 824972    0    0     0     0 2734 2401 85 15  0  0  0  0
 5  0      0 381648  21072 824972    0    0     0     0 2986 2458 82 16  2  0  0  0
 8  0      0 381648  21072 824972    0    0     0     0 3387 2869 76 22  2  0  0  0
 8  0      0 381648  21072 824972    0    0     0     0 3443 2882 53 19 29  0  0  0
10  0      0 381648  21072 824972    0    0     0     0 3430 2816 80 20  0  0  0  0
 5  0      0 381648  21072 824972    0    0     0     0 3218 2859 80 18  2  0  0  0
 9  0      0 381648  21072 824972    0    0     0     0 3452 2965 76 22  2  0  0  0
 9  0      0 381648  21072 824972    0    0     0     0 2463 1975 84 16  0  0  0  0
 6  0      0 381648  21072 824972    0    0     0     0 2753 2099 78 20  2  0  0  0
10  0      0 381648  21072 824972    0    0     0     0 2453 1864 84 14  2  0  0  0
 6  0      0 381648  21072 824972    0    0     0     0 2739 2532 84 16  0  0  0  0
 9  0      0 381648  21072 824972    0    0     0     0 3363 2872 76 22  2  0  0  0
 8  0      0 381648  21072 824972    0    0     0     0 3368 2903 76 20  4  0  0  0
 9  0      0 381648  21072 824972    0    0     0     0 3398 2819 75 24  2  0  0  0
 8  0      0 381648  21072 824972    0    0     0     0 3180 2613 78 20  2  0  0  0
 3  0      0 381648  21072 824972    0    0     0     0 3284 2822 76 22  2  0  0  0
 2  0      0 381648  21072 824972    0    0     0     0 3384 2860 74 24  2  0  0  0
 5  0      0 381648  21072 824972    0    0     0     0 2458 1915 82 18  0  0  0  0
 2  0      0 381648  21072 824972    0    0     0     0 1640 1193 54  7 38  0  0  0
 0  0      0 381648  21072 824972    0    0     0     0  238  154  6  0 94  0  0  0
 0  0      0 381648  21072 824972    0    0     0     0  154  142  0  1 100  0  0  0
 0  0      0 381648  21080 824964    0    0     0    32  164  143  0  0 100  0  0  0
