procs -----------memory---------- ---swap-- -----io---- -system-- -------cpu-------
 r  b   swpd   free   buff  cache   si   so    bi    bo   in   cs us sy id wa st gu
15  0      0 606092  19676 593220    0    0   415   889 1984    8 22  3 74  1  0  0
16  0      0 606092  19676 593220    0    0     0     0 12564 13619 78 22  1  0  0  0
16  0      0 609648  19676 593220    0    0     0     0 12172 13203 79 21  1  0  0  0
16  0      0 610236  19676 593220    0    0     0     0 12822 14137 76 24  0  0  0  0
18  0      0 610328  19676 593220    0    0     0     0 13115 14661 78 23  0  0  0  0
14  0      0 610360  19692 593204    0    0     0  1764 13156 14697 75 25  1  0  0  0
16  0      0 610388  19692 593220    0    0     0     0 13020 14442 76 24  0  0  0  0
10  0      0 610416  19692 593220    0    0     0     0 12896 14353 78 22  1  0  0  0
15  0      0 610352  19692 593220    0    0     0     0 12758 14085 75 25  0  0  0  0
17  0      0 610352  19692 593220    0    0     0     0 12861 14224 76 23  0  0  0  0
16  0      0 610352  19692 593220    0    0     0     0 12601 13919 78 21  1  0  1  0
14  0      0 610352  19692 593220    0    0     0     0 12310 13517 79 21  0  0  0  0
 0  0      0 610352  19692 593220    0    0     0     0 2452 2271 20  3 77  0  0  0
 0  0      0 610352  19692 593220    0    0     0     0 2272 2266 12  4 84  0  0  0
 0  0      0 610352  19692 593220    0    0     0     0 2237 2247 12  4 85  0  0  0
 0  0      0 610352  19692 593220    0    0     0     0 2280 2291 12  5 84  0  0  0
 0  0      0 610352  19692 593220    0    0     0     0 2261 2325 13  4 84  0  0  0
 0  0      0 610352  19692 593220    0    0     0     0 2220 2169 12  3 85  0  0  0
 0  0      0 610352  19692 593220    0    0     0     0 2224 2186 12  4 85  0  0  0
 0  0      0 610352  19692 593220    0    0     0     0 2223 2205 13  4 84  0  0  0
 0  0      0 610352  19692 593220    0    0     0     0 2192 2113 12  4 84  0  0  0
 0  0      0 613072  19708 593212    0    0     0    44 2292 2295 13  5 83  0  0  0
 0  0      0 613072  19708 593212    0    0     0     0 2186 2198 12  4 84  0  0  0
 0  0      0 613072  19708 593212    0    0     0    32 2238 2175 13  3 84  0  1  0
 0  0      0 613072  19708 593212    0    0     0     0 2283 2288 13  3 84  0  0  0
 0  0      0 613072  19708 593212    0    0     0     0 2294 2267 12  4 84  0  0  0
 0  0      0 613072  19708 593212    0    0     0     0 2259 2161 12  4 83  0  0  0
 0  0      0 613072  19708 593212    0    0     0     0 2303 2339 12  4 84  0  0  0
 0  0      0 613072  19708 593212    0    0     0     0 2288 2307 12  4 84  0  0  0
 0  0      0 613072  19708 593212    0    0     0     0 2183 2143 13  4 84  0  0  0
 0  0      0 613072  19708 593212    0    0     0  1468 2232 2181 12  4 85  0  0  0
 0  0      0 613072  19708 593212    0    0     0     0 2210 2215 13  4 84  0  0  0
 0  0      0 613072  19708 593212    0    0     0     0 2260 2266 12  4 84  0  0  0
 0  0      0 613072  19708 593212    0    0     0     0 2334 2326 13  4 84  0  0  0
 0  0      0 613072  19708 593212    0    0     0     0 2308 2277 13  4 84  0  0  0
 0  0      0 613072  19708 593212    0    0     0     0 2306 2184 13  3 84  0  0  0
 0  0      0 613104  19708 593212    0    0     0     0 2283 2223 13  4 84  0  0  0
 0  0      0 613104  19708 593212    0    0     0     0 2218 2253 13  4 84  0  0  0
 0  0      0 613104  19708 593212    0    0     0     0 2255 2170 12  3 85  0  0  0
 0  0      0 613104  19708 593212    0    0     0     0 2327 2326 12  4 84  0  0  0
 0  0      0 613104  19708 593212    0    0     0   220 2345 2362 12  5 82  0  0  0
 0  0      0 613104  19708 593212    0    0     0     0 2338 2268 13  3 84  0  1  0
 0  0      0 613104  19708 593212    0    0     0     0 2385 2355 13  4 83  0  0  0
 0  0      0 613104  19708 593212    0    0     0     0 2395 2434 13  4 83  0  0  0
 0  0      0 613104  19708 593212    0    0     0     0 2337 2259 13  4 83  0  0  0
 0  0      0 613104  19708 593212    0    0     0     0 2357 2303 13  3 84  0  0  0
 0  0      0 613104  19708 593212    0    0     0     0 2322 2332 13  3 84  0  0  0
 1  0      0 613104  19708 593212    0    0     0     0 2324 2354 13  4 83  0  0  0
 0  0      0 613104  19708 593212    0    0     0     0 2192 2117 12  3 85  0  0  0
 0  0      0 613104  19708 593212    0    0     0     0 2257 2224 13  4 84  0  0  0
 0  0      0 613104  19708 593212    0    0     0     0 2312 2280 12  4 84  0  0  0
 0  0      0 613104  19708 593212    0    0     0     0 2312 2248 14  3 84  0  0  0
 0  0      0 613104  19716 593212    0    0     0    32 2276 2346 13  3 84  0  0  0
 0  0      0 613104  19716 593212    0    0     0     0 2228 2150 13  4 84  0  0  0
 0  0      0 613104  19716 593212    0    0     0    16 2218 2197 12  4 84  0  0  0
 0  0      0 613104  19716 593212    0    0     0     0 2361 2418 13  3 84  0  0  0
 0  0      0 613104  19716 593212    0    0     0     0 2140 2148 12  3 85  0  0  0
 0  0      0 613104  19716 593212    0    0     0     0 2209 2125 12  3 84  0  0  0
 0  0      0 613104  19716 593212    0    0     0     0 2323 2358 13  3 84  0  0  0
 0  0      0 613104  19716 593212    0    0     0     0 2231 2234 12  5 84  0  0  0
 0  0      0 613104  19716 593212    0    0     0     0 2143 2155 11  4 85  0  0  0
 0  0      0 613104  19716 593212    0    0     0     0  529  437  2  1 98  0  0  0
 0  0      0 613104  19716 593212    0    0     0     0  159  136  0  0 100  0  0  0
 0  0      0 613104  19716 593212    0    0     0     0  154  142  0  0 100  0  0  0
 0  0      0 613104  19716 593212    0    0     0     0  148  134  1  0 100  0  0  0
