procs -----------memory---------- ---swap-- -----io---- -system-- -------cpu-------
 r  b   swpd   free   buff  cache   si   so    bi    bo   in   cs us sy id wa st gu
 1  0      0 351876  21144 825216    0    0   555  1183 1448    5 21  3 75  2  0  0
23  0      0 351300  21144 825216    0    0     0     0 8661 7376 60 15 26  0  0  0
18  0      0 351188  21144 825216    0    0     0     0 11954 10540 81 20  0  0  0  0
26  0      0 351188  21144 825216    0    0     0     0 11397 9604 82 18  0  0  0  0
21  0      0 350996  21160 825200    0    0     0  1972 10877 9321 82 19  0  0  0  0
23  0      0 352556  21160 825216    0    0     0     0 11213 9174 82 17  0  0  0  0
20  0      0 354816  21160 825216    0    0     0     0 11846 10549 82 18  0  0  0  0
20  0      0 354844  21160 825232    0    0     0     0 12358 11241 82 19  0  0  0  0
18  0      0 354956  21160 825232    0    0     0    12 12265 11231 80 21  0  0  0  0
20  0      0 354984  21160 825232    0    0     0     0 11350 9629 83 18  0  0  0  0
20  0      0 355016  21160 825232    0    0     0     0 11273 9361 82 18  0  0  0  0
19  0      0 355048  21160 825232    0    0     0     0 11038 9811 82 18  0  0  1  0
19  0      0 354984  21160 825232    0    0     0     0 11910 10747 82 17  0  0  0  0
13  0      0 354984  21160 825232    0    0     0     0 12136 11440 79 21  0  0  0  0
21  0      0 354984  21160 825232    0    0     0     0 11761 10731 80 19  0  0  0  0
19  0      0 354984  21160 825232    0    0     0     0 11127 9755 80 20  0  0  0  0
15  0      0 354984  21160 825232    0    0     0     0 11531 10523 79 20  0  0  0  0
18  0      0 354984  21160 825232    0    0     0     0 12529 11591 77 23  0  0  0  0
17  0      0 354984  21160 825232    0    0     0     0 12954 12612 78 22  1  0  0  0
19  0      0 354984  21160 825232    0    0     0     0 12316 11291 79 21  0  0  1  0
22  0      0 357944  21176 825224    0    0     0    52 11699 11273 80 21  0  0  0  0
16  0      0 357992  21176 825224    0    0     0     0 12014 10718 81 19  0  0  1  0
24  0      0 357992  21176 825224    0    0     0     0 12457 11807 77 23  1  0  0  0
20  0      0 357992  21176 825224    0    0     0     0 13023 12289 77 23  0  0  0  0
24  0      0 357992  21176 825224    0    0     0     0 11881 10679 79 21  0  0  1  0
18  0      0 357992  21176 825224    0    0     0     0 11926 10395 79 20  0  0  0  0
20  0      0 357992  21176 825224    0    0     0     0 11818 13977 79 21  0  0  0  0
19  0      0 357992  21176 825224    0    0     0     0 9723 8833 81 18  1  0  0  0
25  0      0 357992  21176 825224    0    0     0    36 3297 2954 76 24  0  0  0  0
19  0      0 357992  21176 825224    0    0     0     0 3328 2815 76 24  0  0  0  0
18  0      0 357992  21176 825224    0    0     0     0 3205 4397 76 24  0  0  0  0
17  0      0 357992  21176 825224    0    0     0     0 3019 2457 80 20  0  0  0  0
22  0      0 357992  21176 825224    0    0     0     0 3293 2514 73 27  0  0  0  0
19  0      0 357992  21176 825224    0    0     0     0 2973 2395 78 22  0  0  0  0
20  0      0 357992  21176 825220    0    0     0     0 2655 1903 84 16  0  0  0  0
16  0      0 357992  21176 825220    0    0     0     0 2296 8835 84 16  0  0  0  0
16  0      0 357992  21176 825220    0    0     0     0 2632 2251 82 16  2  0  0  0
17  0      0 357992  21176 825220    0    0     0     0 3285 2668 76 24  0  0  0  0
19  0      0 357992  21176 825220    0    0     0     0 3322 2687 78 22  0  0  0  0
17  0      0 357992  21176 825220    0    0     0     0 3172 2588 74 26  0  0  0  0
16  0      0 357992  21176 825220    0    0     0     0 3263 2951 75 25  0  0  0  0
24  0      0 357992  21176 825220    0    0     0     0 2847 4694 76 24  0  0  0  0
19  0      0 357992  21176 825220    0    0     0     0 2629 2128 84 16  0  0  0  0
18  0      0 357992  21176 825220    0    0     0     0 2594 2108 82 18  0  0  0  0
16  0      0 357992  21176 825220    0    0     0     0 2279 2032 84 14  2  0  0  0
16  0      0 357992  21176 825220    0    0     0     0 2748 6280 76 24  0  0  0  0
18  0      0 357992  21176 825220    0    0     0     0 2720 4556 80 18  0  0  2  0
17  0      0 357992  21176 825220    0    0     0     0 2299 20205 78 22  0  0  0  0
16  0      0 357992  21176 825220    0    0     0     0 3150 5075 78 22  0  0  0  0
14  0      0 357992  21176 825220    0    0     0     0 3296 2804 77 23  0  0  0  0
16  2      0 357992  21180 825216    0    0     0    76 3104 2858 78 22  0  0  0  0
18  0      0 357992  21184 825220    0    0     0  1796 3264 2553 74 26  0  0  0  0
14  0      0 357992  21184 825220    0    0     0     0 2741 3185 82 18  0  0  0  0
 4  0      0 357992  21184 825220    0    0     0     0 2279 7151 80 20  0  0  0  0
18  0      0 357992  21184 825220    0    0     0     0 2558 11579 80 18  2  0  0  0
21  0      0 357992  21184 825220    0    0     0     0 2537 7805 58 14 28  0  0  0
14  0      0 357992  21184 825220    0    0     0     0 3133 3060 75 23  0  0  2  0
17  0      0 357992  21184 825220    0    0     0     0 3318 2742 78 22  0  0  0  0
14  0      0 357992  21184 825220    0    0     0     0 2763 12394 78 22  0  0  0  0
13  0      0 357992  21184 825220    0    0     0     0 3154 2547 80 20  0  0  0  0
16  0      0 357992  21184 825220    0    0     0     0 3073 3328 78 22  0  0  0  0
 0  0      0 357992  21184 825220    0    0     0    16  977  941  6  2 93  0  0  0
 0  0      0 357992  21184 825220    0    0     0     0  139  130  0  0 100  0  0  0
 0  0      0 357992  21184 825220    0    0     0     0  127  114  0  0 100  0  0  0
 0  0      0 357992  21184 825220    0    0     0     0  177  165  1  0 100  0  0  0
