procs -----------memory---------- ---swap-- -----io---- -system-- -------cpu-------
 r  b   swpd   free   buff  cache   si   so    bi    bo   in   cs us sy id wa st gu
 1  0      0 352968  21220 825380    0    0   452   972 1818    7 22  3 74  1  0  0
 8  0      0 352920  21220 825388    0    0     0     0 1791 1467 12  3 85  0  0  0
 9  0      0 354968  21220 825388    0    0     0     0 12054 10439 75 21  4  0  0  0
12  0      0 356404  21220 825388    0    0     0     0 10535 8576 83 16  1  0  0  0
10  0      0 356372  21220 825388    0    0     0     0 11625 9832 79 19  2  0  0  0
12  0      0 356372  21220 825388    0    0     0     0 10427 7977 84 15  0  0  0  0
 9  0      0 356372  21220 825388    0    0     0     0 10774 8659 84 15  1  0  0  0
11  0      0 356372  21228 825380    0    0     0    72 12580 11141 77 21  3  0  0  0
10  0      0 356372  21228 825388    0    0     0     0 10971 8997 83 17  1  0  0  0
 9  0      0 356372  21228 825388    0    0     0     0 12742 10853 79 19  1  0  0  0
 9  0      0 356372  21228 825388    0    0     0     0 10996 8847 82 18  0  0  0  0
10  0      0 356372  21228 825388    0    0     0     0 13168 11341 78 21  1  0  0  0
11  0      0 356372  21228 825388    0    0     0     0 13569 11799 78 22  1  0  0  0
10  0      0 356372  21228 825388    0    0     0     0 13485 11650 80 20  1  0  0  0
 6  0      0 356372  21228 825388    0    0     0     0 13493 11712 75 24  1  0  0  0
12  0      0 356372  21228 825388    0    0     0     0 13486 11856 79 21  1  0  0  0
10  0      0 356372  21228 825388    0    0     0     0 13317 11582 78 21  1  0  0  0
 7  0      0 356372  21228 825388    0    0     0     0 13315 11645 77 22  1  0  0  0
10  0      0 356372  21228 825388    0    0     0     0 13207 11352 79 20  1  0  0  0
 6  0      0 356372  21228 825388    0    0     0     0 13505 11567 77 23  1  0  0  0
10  0      0 356372  21228 825388    0    0     0     0 13442 11646 77 22  1  0  0  0
12  0      0 356372  21228 825388    0    0     0     0 13364 11587 78 21  1  0  0  0
 9  0      0 356372  21228 825388    0    0     0     0 13098 11222 76 23  2  0  0  0
10  0      0 356372  21228 825388    0    0     0     0 13516 11672 74 25  2  0  0  0
10  0      0 356372  21228 825388    0    0     0     0 13479 11937 78 20  2  0  0  0
 0  0      0 356372  21228 825388    0    0     0     0 10775 9215 63 17 21  0  0  0
 0  0      0 356372  21228 825388    0    0     0     0 2410 1844 12  4 83  0  0  0
 0  0      0 356372  21228 825388    0    0     0     0 2459 1928 13  4 84  0  0  0
 0  0      0 356372  21228 825388    0    0     0     0 2493 1898 13  3 84  0  0  0
 0  0      0 356372  21228 825388    0    0     0     0 2458 1912 12  4 84  0  0  0
 0  0      0 356372  21228 825388    0    0     0  1408 2327 1752 12  3 85  1  0  0
 0  0      0 356372  21228 825388    0    0     0     0 2459 1888 13  3 84  0  0  0
 0  0      0 356372  21228 825388    0    0     0     0 2496 2030 14  3 84  0  0  0
 0  0      0 356372  21228 825388    0    0     0     0 2506 1932 13  4 84  0  0  0
 0  0      0 356372  21228 825388    0    0     0     0 2437 1957 14  3 84  0  0  0
 0  0      0 356372  21228 825388    0    0     0     0 2425 1852 13  4 84  0  0  0
 0  0      0 356372  21228 825388    0    0     0     0 2291 1807 11  3 86  0  0  0
 0  0      0 356372  21228 825388    0    0     0     0 2340 1793 13  4 84  0  0  0
 0  0      0 356372  21236 825380    0    0     0    64 2271 1830 12  4 85  0  0  0
 0  0      0 356372  21236 825388    0    0     0     0 2329 1757 13  3 84  0  0  0
 0  0      0 356372  21236 825388    0    0     0     0 2316 1799 13  3 85  0  0  0
 0  0      0 356372  21236 825388    0    0     0     0 2312 1806 12  4 84  0  0  0
 0  0      0 356372  21236 825388    0    0     0     0 2349 1821 12  4 84  0  0  0
 0  0      0 356372  21236 825388    0    0     0     0 2410 1915 13  3 84  0  0  0
 0  0      0 356372  21236 825388    0    0     0     0 2330 1802 12  4 85  0  0  0
 0  0      0 356372  21236 825388    0    0     0     0 2408 1883 13  3 84  0  0  0
 0  0      0 356372  21236 825388    0    0     0     0 2321 1793 13  4 84  0  0  0
 0  0      0 356372  21236 825388    0    0     0     0 2393 1866 12  3 84  0  0  0
 0  0      0 356372  21236 825388    0    0     0     0 2420 1906 13  4 84  0  0  0
 0  0      0 356372  21236 825388    0    0     0     0 2478 1995 13  4 83  0  0  0
 0  0      0 356372  21236 825388    0    0     0     0 2365 1858 12  4 84  0  0  0
 0  0      0 356372  21236 825388    0    0     0     0 2388 1797 13  3 84  0  0  0
 0  0      0 356372  21236 825388    0    0     0     0 2358 1870 13  3 84  0  0  0
 0  0      0 356372  21236 825388    0    0     0     0 2334 1805 12  3 85  0  0  0
 0  0      0 356372  21236 825388    0    0     0     0 2401 1844 12  4 84  0  0  0
 0  0      0 356372  21236 825388    0    0     0     0 2363 1879 13  3 84  0  0  0
 0  0      0 356372  21236 825388    0    0     0     0 2302 1797 11  4 85  0  0  0
 0  0      0 356372  21236 825388    0    0     0     0 2415 1878 13  3 84  0  0  0
 0  0      0 356372  21236 825388    0    0     0     0 2368 1820 12  3 85  0  0  0
 0  0      0 356372  21236 825388    0    0     0     0 2442 1898 12  4 84  0  0  0
 0  0      0 356372  21236 825388    0    0     0     0 2372 1899 12  4 84  0  0  0
 0  0      0 356372  21236 825388    0    0     0     0 1707 1307  7  2 91  0  0  0
 0  0      0 356372  21236 825388    0    0     0     0  171  136  0  1 100  0  0  0
 0  0      0 356372  21236 825388    0    0     0     0  127  106  0  0 100  0  0  0
 0  0      0 356372  21236 825388    0    0     0     0  145  122  0  0 100  0  0  0
