procs -----------memory---------- ---swap-- -----io---- -system-- -------cpu-------
 r  b   swpd   free   buff  cache   si   so    bi    bo   in   cs us sy id wa st gu
 1  0      0 410440  20808 815312    0    0   705  1528 1021    3 18  2 77  2  0  0
 0  0      0 410440  20808 815336    0    0     0     0  152  128  0  0 100  0  0  0
 1  0      0 410440  20808 815336    0    0     0     0 3044 1865 55  3 43  0  0  0
 1  0      0 410440  20808 815336    0    0     0     0 3816 1798 86  4 11  0  0  0
 3  0      0 408928  20808 815336    0    0     0     0 4397 1868 75  4 22  0  0  0
 1  0      0 408928  20808 815336    0    0     0     0 4129 1915 75  3 22  0  0  0
 1  0      0 408928  20808 815336    0    0     0     0 4112 2192 76  3 21  0  0  0
 3  0      0 408928  20808 815336    0    0     0     0 4161 1989 76  3 22  0  0  0
 3  0      0 408928  20808 815336    0    0     0     0 4361 2111 75  4 22  0  0  0
 1  0      0 408928  20808 815336    0    0     0     0 4332 2046 71  3 26  0  0  0
 1  0      0 408928  20808 815336    0    0     0     0 4403 2118 72  2 26  0  0  0
 3  0      0 408928  20808 815336    0    0     0     0 4628 2130 74  3 23  0  0  0
 3  0      0 408676  20808 815336    0    0     0     0 4641 2227 73  4 24  0  0  0
 2  0      0 408424  20808 815336    0    0     0     0 4717 2192 73  4 24  0  0  0
 2  0      0 408172  20808 815336    0    0     0     0 4623 2208 74  3 23  0  0  0
 1  0      0 407920  20808 815336    0    0     0     0 4705 2198 72  4 24  0  0  0
 3  0      0 407920  20808 815336    0    0     0     0 4407 2181 74  3 23  0  0  0
 3  0      0 407668  20808 815336    0    0     0     0 4524 2153 72  3 24  0  0  0
 1  0      0 407668  20808 815336    0    0     0     0 4495 2087 70  4 26  0  0  0
 3  0      0 407416  20808 815336    0    0     0     0 4495 2196 77  3 19  0  1  0
 1  0      0 407416  20808 815336    0    0     0     0 4445 2270 74  4 22  0  0  0
 3  0      0 407164  20816 815328    0    0     0    52 4803 2174 71  5 25  0  0  0
 1  0      0 406912  20816 815336    0    0     0     0 4893 2256 71  3 26  0  0  0
 8  0      0 406912  20816 815336    0    0     0     0 1417  744 51  2 47  0  0  0
 3  0      0 406912  20816 815336    0    0     0     0 1235  629 42  2 56  0  0  0
 2  0      0 406660  20816 815336    0    0     0     0 1286  608 52  3 45  0  0  0
 3  0      0 406660  20816 815336    0    0     0     0 1270  640 33  2 65  0  0  0
 2  0      0 406660  20816 815336    0    0     0     0 1289  611 50  6 44  0  0  0
 3  0      0 406660  20816 815336    0    0     0     0 1287  638 40  1 59  0  0  0
 2  0      0 406408  20816 815336    0    0     0     0 1309  613 52  3 45  0  0  0
 2  0      0 406408  20816 815336    0    0     0     0 1253  649 41  1 58  0  0  0
 1  0      0 406408  20816 815336    0    0     0     0 1234  595 40  3 57  0  0  0
 2  0      0 406408  20816 815336    0    0     0  1488 1278  638 33  2 64  1  0  0
 1  0      0 406408  20816 815336    0    0     0     0 1259  644 39  3 57  0  0  0
 2  0      0 406156  20816 815336    0    0     0     0 1259  702 33  3 64  0  0  0
 1  0      0 406156  20816 815336    0    0     0     0 1244  672 33  2 65  0  0  0
 3  0      0 406156  20816 815336    0    0     0     0 1313  663 39  2 59  0  0  0
 1  0      0 406156  20816 815336    0    0     0     0 1308  609 33  2 65  0  0  0
 2  0      0 405904  20816 815336    0    0     0     0 1386  724 36  2 62  0  0  0
 0  0      0 405904  20816 815336    0    0     0     0 1833 1020 22  3 76  0  0  0
 1  0      0 405904  20816 815336    0    0     0     0 1535  909 27  3 70  0  0  0
 2  0      0 405904  20816 815336    0    0     0     0 1190  636 67  4 29  0  0  0
 2  0      0 405904  20816 815336    0    0     0     0 1214  668 49  3 48  0  0  0
 2  0      0 405904  20816 815336    0    0     0     0 1150  687 39  1 60  0  0  0
 3  0      0 405904  20816 815336    0    0     0     0 1238  742 38  2 59  0  0  0
 2  0      0 405904  20816 815336    0    0     0     0 1187  687 49  4 47  0  0  0
 1  0      0 405904  20816 815336    0    0     0     0 1193  692 36  0 64  0  0  0
 2  0      0 405904  20816 815336    0    0     0     0 1200  670 48  4 48  0  0  0
 0  0      0 405904  20816 815336    0    0     0     0 1433  842 39  3 59  0  0  0
 0  0      0 405904  20816 815336    0    0     0     0 2091 1245 17  2 80  0  1  0
 0  0      0 405904  20816 815336    0    0     0     0 2322 1365 16  4 79  0  0  0
 1  0      0 405904  20816 815336    0    0     0     0 2393 1360 10  3 87  0  0  0
 1  0      0 405904  20824 815332    0    0     0    56 2554 1470  9  3 88  0  0  0
 0  0      0 405904  20824 815336    0    0     0     0 2464 1385 11  4 85  0  0  0
 2  0      0 405904  20824 815336    0    0     0     0 1568  920 25  3 70  0  1  0
 1  0      0 405904  20824 815336    0    0     0     0 1245  682 48  0 52  0  0  0
 1  0      0 405904  20824 815336    0    0     0     0 1285  645 26  2 71  0  0  0
 3  0      0 405652  20824 815336    0    0     0     0 1262  638 26  2 73  0  0  0
 0  0      0 405652  20824 815336    0    0     0     0 1759  996 17  2 80  0  0  0
 1  0      0 405652  20824 815336    0    0     0     0 1884 1115 17  3 80  0  0  0
 0  0      0 405652  20824 815336    0    0     0     0 2553 1488 10  3 88  0  0  0
 2  0      0 405652  20824 815336    0    0     0     0 1373  779 43  4 53  0  0  0
 0  0      0 405652  20824 815336    0    0     0     0  346  206  9  1 90  0  0  0
 0  0      0 405652  20824 815336    0    0     0     0  125  110  0  0 100  0  0  0
 0  0      0 405652  20824 815336    0    0     0     0  144  129  1  0 100  0  0  0
