procs -----------memory---------- ---swap-- -----io---- -system-- -------cpu-------
 r  b   swpd   free   buff  cache   si   so    bi    bo   in   cs us sy id wa st gu
 1  0      0 264556  15604 421712    0    0   742  1035 1103    4  5  3 90  3  0  0
 0  0      0 264508  15604 421720    0    0     0     0 4694 2921  8  6 85  0  1  0
 2  0      0 264508  15604 421720    0    0     0     4 11039 7084 17 12 70  0  1  0
 0  0      0 264508  15604 421720    0    0     0     0 10440 6581 15 13 70  0  1  0
 0  0      0 264508  15604 421720    0    0     0     0 9928 6013 17 13 70  0  0  0
 0  0      0 263284  15604 421720    0    0     0     0 9747 5999 16 14 69  0  1  0
 0  0      0 263268  15604 421720    0    0     0     0 10626 6793 16 13 70  0  0  0
 0  0      0 263268  15604 421720    0    0     0     0 11161 7153 17 14 69  0  0  0
 2  0      0 263268  15604 421720    0    0     0     0 10976 7019 18 15 66  0  1  0
 0  0      0 263268  15604 421720    0    0     0     0 10507 6649 19 15 65  0  1  0
 0  0      0 263268  15604 421720    0    0     0     0 9563 5792 18 15 64  0  2  0
 0  0      0 263268  15604 421720    0    0     0     0 9161 5788 18 14 57  0 10  0
 4  0      0 263268  15604 421720    0    0     0     0 10166 6376 23 16 55  0  6  0
 2  0      0 263268  15604 421720    0    0     0     0 10842 7005 20 16 62  0  1  0
 3  0      0 263268  15604 421720    0    0     0     0 10620 6701 20 16 62  0  2  0
 2  0      0 263268  15604 421720    0    0     0     0 9417 5728 21 17 56  0  6  0
 1  0      0 263268  15604 421720    0    0     0     0 9755 6012 20 17 60  0  3  0
 0  0      0 263268  15604 421720    0    0     0     0 10952 7068 24 17 56  0  3  0
 3  0      0 263268  15604 421720    0    0     0     0 11274 7446 22 18 58  0  3  0
 1  0      0 263268  15604 421720    0    0     0     0 11227 7306 20 17 61  0  2  0
 0  0      0 263268  15604 421720    0    0     0     0 10352 6450 20 13 66  0  1  0
 2  0      0 263268  15604 421720    0    0     0     0 10581 6650 18 14 66  0  1  0
 7  0      0 263268  15604 421720    0    0     0     0 10884 7075 22 18 57  0  2  0
 0  0      0 263268  15604 421720    0    0     0    16 11372 7519 22 17 61  0  1  0
 0  0      0 263268  15604 421720    0    0     0     0 11132 7096 19 16 64  0  1  0
 2  0      0 263268  15612 421712    0    0     0    40 10496 6554 18 15 65  0  1  0
 0  0      0 263268  15612 421712    0    0     0  1648 10753 6893 17 15 66  1  1  0
 0  0      0 263268  15612 421712    0    0     0     0 10856 7061 19 17 62  0  2  0
 0  0      0 263268  15612 421712    0    0     0     0 2937 1871  5  4 92  0  0  0
 0  0      0 263268  15612 421712    0    0     0     0 3057 1942  6  5 89  0  1  0
 0  0      0 263268  15612 421712    0    0     0     0 3059 1963  4  4 91  0  0  0
 0  0      0 263268  15612 421712    0    0     0     0 2821 1761  4  3 93  0  0  0
 0  0      0 263268  15612 421712    0    0     0     0 3091 1979  5  4 92  0  0  0
 0  0      0 263268  15612 421712    0    0     0     0 2975 1862  4  4 92  0  1  0
 0  0      0 263268  15612 421712    0    0     0     0 2382 1338  4  3 93  0  0  0
 0  0      0 263268  15612 421712    0    0     0     0 2601 1522  5  3 92  0  0  0
 0  0      0 263268  15612 421712    0    0     0     0 2111 1189  3  3 94  0  0  0
 0  0      0 263268  15612 421712    0    0     0     0 3021 1935  4  4 92  0  1  0
 0  0      0 263268  15612 421712    0    0     0     0 3179 2019  5  5 91  0  0  0
 0  0      0 263268  15612 421712    0    0     0     0 2934 1899  4  4 91  0  0  0
 0  0      0 263268  15612 421712    0    0     0     0 3100 1981  6  4 90  0  0  0
 0  0      0 263268  15612 421712    0    0     0     0 2681 1667  4  3 93  0  1  0
 0  0      0 263268  15612 421704    0    0     0     0 2614 1673  4  4 92  0  0  0
 0  0      0 263268  15612 421704    0    0     0     0 2497 1446  3  3 94  0  0  0
 0  0      0 263268  15612 421704    0    0     0     0 2349 1425  3  3 93  0  0  0
 0  0      0 263268  15612 421704    0    0     0     0 2545 1528  5  4 90  0  0  0
 0  0      0 263268  15612 421704    0    0     0     0 2383 1347  3  4 93  0  0  0
 0  0      0 263268  15612 421704    0    0     0     0 2210 1408  4  3 93  0  1  0
 0  0      0 263268  15612 421696    0    0     0     0 2889 1774  5  4 92  0  0  0
 0  0      0 263268  15612 421696    0    0     0     0 3133 1989  5  4 90  0  0  0
 0  0      0 263268  15612 421696    0    0     0     0 2873 1830  5  3 92  0  0  0
 0  0      0 263268  15612 421696    0    0     0     0 3047 1935  5  4 91  0  1  0
 0  0      0 263268  15612 421696    0    0     0     0 2708 1628  3  4 93  0  0  0
 0  0      0 263268  15612 421696    0    0     0     0 2321 1358  4  3 94  0  0  0
 0  0      0 263268  15612 421696    0    0     0     0 2037 1159  4  3 94  0  1  0
 0  0      0 263268  15612 421696    0    0     0     0 2628 1605  4  5 91  0  0  0
 0  0      0 263268  15612 421696    0    0     0    12 2731 1689  5  3 92  0  0  0
 0  0      0 263268  15620 421688    0    0     0  2024 3262 2136  6  4 88  2  1  0
 0  0      0 263268  15620 421696    0    0     0     0 2995 1837  5  5 90  0  0  0
 0  0      0 263268  15620 421696    0    0     0     0 2734 1801  4  4 91  0  2  0
 0  0      0 263268  15620 421696    0    0     0     0 2620 1627  5  4 91  0  1  0
 0  0      0 263268  15620 421696    0    0     0     0 1692 1097  3  3 93  0  0  0
 0  0      0 263268  15620 421696    0    0     0     0   79   94  0  0 100  0  0  0
 0  0      0 263268  15620 421696    0    0     0     0   53   45  0  0 100  0  0  0
 0  0      0 263268  15620 421696    0    0     0     0   50   37  0  0 100  0  0  0
