procs -----------memory---------- ---swap-- -----io---- -system-- -------cpu-------
 r  b   swpd   free   buff  cache   si   so    bi    bo   in   cs us sy id wa st gu
 2  0      0 376900   5880 300968    0    0   579   786 1619    6  6  3 89  2  0  0
 0  0      0 376924   5880 301004    0    0     0   216 13160 10482 29 17 52  0  1  0
 0  0      0 376924   5880 301004    0    0     0     0 13640 11074 32 19 48  0  1  0
 3  0      0 376924   5880 301004    0    0     0     0 13980 11314 30 21 49  0  1  0
 0  0      0 376924   5880 301004    0    0     0     0 14118 11501 32 20 47  0  1  0
 1  0      0 376924   5880 301004    0    0     0     0 14213 11716 32 21 47  0  0  0
 0  0      0 376924   5880 301004    0    0     0     0 14051 11529 32 19 48  0  1  0
 2  0      0 376924   5880 301004    0    0     0     0 13799 11137 32 21 47  0  1  0
 0  0      0 376924   5880 301004    0    0     0     0 13891 11400 32 19 48  0  1  0
 5  0      0 376924   5880 301004    0    0     0     0 13876 11143 31 19 49  0  1  0
 1  0      0 375700   5880 301004    0    0     0     0 13556 10929 33 19 48  0  1  0
11  0      0 375684   5880 301004    0    0     0     0 8515 6818 24 15 60  0  1  0
10  0      0 375684   5880 301004    0    0     0     0 2014 1665 12  7 81  0  0  0
 9  0      0 375684   5880 301004    0    0     0     0 1836 1543 12  7 80  0  1  0
 8  0      0 375684   5880 301004    0    0     0     0 2136 1709  9  5 86  0  0  0
 5  0      0 375684   5880 301004    0    0     0     4 2041 1629 14  5 81  0  0  0
 3  0      0 375684   5880 301004    0    0     0     0 1920 1551 11  6 82  0  1  0
 2  0      0 375684   5880 301004    0    0     0     0 2001 1589 11  5 84  0  0  0
 1  0      0 375684   5880 301004    0    0     0     0 1882 1493 22 13 65  0  0  0
 3  0      0 375684   5880 301004    0    0     0     0 2090 1649 15  8 76  0  1  0
 4  0      0 375684   5880 301004    0    0     0     0 2029 1589  7  5 88  0  0  0
 7  0      0 375620   5880 301004    0    0     0     0 1908 1573 24 12 65  0  0  0
 4  0      0 375620   5880 300996    0    0     0     0 2002 1762  9  5 85  0  1  0
 1  0      0 375620   5880 300996    0    0     0     0 1914 1603 39 23 39  0  0  0
 1  0      0 375620   5888 300996    0    0     0    40 2026 1694 10  9 82  0  0  0
 2  0      0 375620   5888 300996    0    0     0     0 1983 1664 19 13 69  0  0  0
 2  0      0 375620   5888 300996    0    0     0     0 1992 1634 10  4 85  0  1  0
 3  0      0 375620   5888 300996    0    0     0     0 2020 1634  9  6 85  0  0  0
 6  0      0 375688   5888 300996    0    0     0     0 2021 1683 20 11 67  0  2  0
 1  0      0 375692   5888 300988    0    0     0     0 1948 1627 12  7 81  0  0  0
 0  0      0 375692   5888 300988    0    0     0     0 1831 1508 22 14 65  0  0  0
 9  0      0 375692   5888 300988    0    0     0     4 2149 1704 11  5 83  0  1  0
 1  0      0 375692   5888 300988    0    0     0  1796 2064 1724  7  6 88  0  0  0
 2  0      0 375692   5888 300988    0    0     0     0 2051 1692 11  6 83  0  0  0
 0  0      0 375692   5888 300988    0    0     0     0 2043 1632 23  9 68  0  0  0
 0  0      0 375692   5888 300988    0    0     0     4 2141 1724 10  7 81  0  1  0
 0  0      0 375692   5888 300988    0    0     0     0 2044 1624 14  7 79  0  0  0
 2  0      0 375692   5888 300988    0    0     0     0 2125 1667 11  5 84  0  0  0
 0  0      0 375692   5888 300988    0    0     0     0 2090 1730 10  6 84  0  0  0
 4  0      0 375692   5888 300988    0    0     0     0 2231 1753 16  9 74  0  1  0
 0  0      0 375692   5888 300988    0    0     0     0 2082 1743 13  7 81  0  0  0
 3  0      0 375692   5888 300988    0    0     0     0 2229 1810  9  7 85  0  0  0
 0  0      0 375692   5888 300988    0    0     0     0 2203 1818 15  6 79  0  0  0
 5  0      0 375692   5888 300988    0    0     0     0 2156 1756 11  7 81  0  1  0
 5  0      0 375692   5888 300988    0    0     0     0 2268 1868 10  4 87  0  0  0
 2  0      0 375692   5888 300988    0    0     0     0 2096 1761 30 21 48  0  0  0
 1  0      0 375692   5888 300988    0    0     0     0 2088 1707 13  8 79  0  0  0
 6  0      0 375692   5888 300988    0    0     0     0 2024 1665 10  9 81  0  1  0
 1  0      0 375692   5888 300988    0    0     0     0 2001 1569 16  9 75  0  0  0
 3  0      0 375692   5888 300988    0    0     0     0 2011 1613 10  4 86  0  0  0
 4  0      0 375692   5888 300988    0    0     0     0 2126 1753 11  8 80  0  1  0
 2  0      0 375692   5888 300988    0    0     0     0 2064 1695 15  6 79  0  0  0
 0  0      0 375692   5888 300988    0    0     0     0 1995 1658 11  7 82  0  0  0
 1  0      0 375692   5888 300988    0    0     0   284 2002 1612  8  4 88  0  0  0
 2  0      0 375692   5888 300988    0    0     0     0 2053 1695 13  9 76  0  1  0
 4  0      0 376576   5888 300988    0    0     0     0 2042 1765 10  6 84  0  0  0
 3  0      0 376580   5888 300980    0    0     0     0 1923 1526 14  7 77  0  1  0
 1  0      0 376580   5888 300980    0    0     0     0 1981 1579  7  4 89  0  0  0
 4  0      0 376580   5888 300980    0    0     0     8 2169 1759  9  4 87  0  0  0
 5  0      0 376580   5896 300976    0    0     0    28 1990 1622 11  7 83  0  0  0
 0  0      0 376580   5896 300980    0    0     0     0  982  773  6  3 91  0  1  0
 0  0      0 376580   5896 300980    0    0     0     0   30   26  0  0 100  0  0  0
 0  0      0 376580   5896 300980    0    0     0     4   59   45  0  0 100  0  0  0
 0  0      0 376580   5896 300980    0    0     0     0   31   26  0  0 100  0  0  0
 0  0      0 376580   5896 300980    0    0     0     0   47   37  0  0 100  0  0  0
