procs -----------memory---------- ---swap-- -----io---- -system-- -------cpu-------
 r  b   swpd   free   buff  cache   si   so    bi    bo   in   cs us sy id wa st gu
 1  0      0 362156   5932 301008    0    0   495   678 1706    6  6  3 89  2  0  0
 1  0      0 361996   5932 301016    0    0     0     0 7577 6025 21 12 67  0  1  0
 0  0      0 361996   5932 301016    0    0     0     0 12242 9980 37 18 44  0  1  0
 2  0      0 361996   5932 301016    0    0     0     0 12080 9613 33 18 48  0  1  0
 0  0      0 361996   5932 301016    0    0     0     0 11991 9592 32 19 48  0  1  0
 1  0      0 361996   5932 301016    0    0     0     0 12097 9646 33 17 49  0  1  0
 0  0      0 361996   5932 301016    0    0     0     0 11312 8847 30 16 54  0  1  0
 0  0      0 361996   5932 301016    0    0     0     0 11637 9141 31 17 51  0  1  0
 1  0      0 361996   5932 301016    0    0     0     0 12395 10129 33 19 47  0  1  0
 7  0      0 361996   5932 301016    0    0     0     0 12371 10048 34 19 46  0  1  0
 1  0      0 361996   5932 301016    0    0     0     0 12726 10491 34 20 45  0  1  0
 2  0      0 361996   5932 301016    0    0     0     0 12749 10325 33 16 50  0  0  0
 0  0      0 361996   5932 301016    0    0     0     0 13145 10971 35 18 47  0  1  0
 0  0      0 361996   5932 301016    0    0     0     0 12117 9648 31 16 52  0  0  0
 0  0      0 361996   5932 301016    0    0     0     0 11702 9080 28 17 53  0  1  0
14  0      0 361996   5932 301016    0    0     0     0 5884 4763 21 14 65  0  0  0
 8  0      0 361996   5932 301016    0    0     0     0 1823 1517 12  5 81  0  2  0
12  0      0 361996   5932 301016    0    0     0     0 1806 1499  9  4 87  0  0  0
 9  0      0 361996   5932 301012    0    0     0     0 1735 1540 33 27 37  0  3  0
 2  0      0 361996   5932 301008    0    0     0     0 1850 1588 21 11 68  0  0  0
 2  0      0 361996   5932 301008    0    0     0     0 1835 1559 11  8 82  0  0  0
 0  0      0 361996   5932 301008    0    0     0     0 1899 1535 12  7 80  0  1  0
 0  0      0 361996   5932 301008    0    0     0     0 1752 1446 15  8 76  0  0  0
 3  0      0 361996   5932 301008    0    0     0     0 1847 1521 10  5 85  0  0  0
 0  0      0 363468   5932 301000    0    0     0    12 1661 1478 48 17 31  0  3  0
 1  0      0 363468   5932 301000    0    0     0     0 1691 1413 22 14 65  0  0  0
 8  0      0 363468   5932 301000    0    0     0     0 1715 1409 13  4 82  0  1  0
 2  0      0 363468   5932 301000    0    0     0     0 1718 1405 17  8 74  0  1  0
 2  0      0 363468   5940 301000    0    0     0    36 1875 1615 14 10 77  0  0  0
 0  0      0 363468   5940 301000    0    0     0     0 2044 1656 10  4 85  0  0  0
 1  0      0 363468   5940 301000    0    0     0    40 2050 1717  8  4 88  0  0  0
 3  0      0 363468   5940 301000    0    0     0     0 2068 1723 11  7 80  0  1  0
 0  0      0 363468   5940 301000    0    0     0  1732 1881 1649 11  7 80  1  0  0
 1  0      0 363468   5940 301000    0    0     0     0 2075 1722  8  4 88  0  0  0
 0  0      0 363468   5940 301000    0    0     0     0 2021 1715 11  5 84  0  0  0
 9  0      0 363468   5940 301000    0    0     0     0 1998 1645 13  5 81  0  1  0
 0  0      0 363468   5940 301000    0    0     0     0 1935 1634 15  8 77  0  0  0
 5  0      0 363468   5940 301000    0    0     0     0 1916 1593 13  7 80  0  0  0
 3  0      0 363468   5940 301000    0    0     0     0 1866 1605 11  5 84  0  0  0
 1  0      0 363468   5940 301000    0    0     0     0 1975 1612 16  9 74  0  1  0
 2  0      0 363468   5940 301000    0    0     0     0 2005 1681  9  4 87  0  0  0
 2  0      0 363468   5940 301000    0    0     0     0 1936 1633 11  6 83  0  0  0
 0  0      0 363468   5940 301000    0    0     0     0 1947 1620 10  4 86  0  0  0
 0  0      0 363468   5940 301000    0    0     0     0 1857 1594 19 13 67  0  0  0
 0  0      0 363468   5940 301000    0    0     0     0 2089 1732 11  5 83  0  1  0
 1  0      0 363468   5940 301000    0    0     0     0 2012 1728  9  5 85  0  0  0
 2  0      0 363468   5940 301000    0    0     0     0 1904 1611 14  7 79  0  0  0
 2  0      0 363468   5940 301000    0    0     0     0 1943 1638 10  5 85  0  0  0
 2  0      0 363468   5940 301000    0    0     0     0 1897 1602 10  6 83  0  1  0
 1  0      0 363468   5940 301000    0    0     0     0 2024 1701 16  7 77  0  0  0
 2  0      0 363468   5940 301000    0    0     0     0 1895 1572 22 10 69  0  0  0
 2  0      0 365116   5940 300992    0    0     0     0 1941 1730  9  6 85  0  1  0
 3  0      0 365116   5940 300992    0    0     0     0 1940 1666 16  8 76  0  0  0
 3  0      0 365116   5940 300992    0    0     0   296 1903 1619 12  4 84  0  0  0
 3  0      0 365116   5940 300992    0    0     0     0 1970 1656 13  6 81  0  0  0
 8  0      0 365116   5940 300992    0    0     0     0 1854 1560 20 13 65  0  2  0
 5  0      0 365116   5940 300992    0    0     0     8 1881 1593 15  7 78  0  0  0
 3  0      0 365116   5940 300992    0    0     0     0 1894 1582 24 13 64  0  0  0
 0  0      0 365116   5940 300992    0    0     0     0 1995 1667 15  8 77  0  0  0
 2  0      0 365116   5940 300992    0    0     0     0 1946 1511 15  8 76  0  1  0
 3  0      0 365116   5944 300992    0    0     4     0 1826 1547 14  8 77  0  0  0
 0  0      0 365116   5944 300992    0    0     0     0  426  317  1  1 98  0  0  0
 0  0      0 365116   5944 300992    0    0     0     0   54   41  0  0 100  0  0  0
 0  0      0 365116   5944 300992    0    0     0     0   59   40  0  0 100  0  0  0
 0  0      0 365116   5944 300992    0    0     0     0   56   40  0  0 100  0  0  0
