procs -----------memory---------- ---swap-- -----io---- -system-- -------cpu-------
 r  b   swpd   free   buff  cache   si   so    bi    bo   in   cs us sy id wa st gu
 1  0      0 582288  19756 593224    0    0   354   763 2059    8 20  3 75  1  0  0
 0  0      0 582288  19756 593224    0    0     0     0  162  135  0  0 100  0  0  0
 9  0      0 585064  19756 593224    0    0     0     0 8184 6412 56 13 31  0  0  0
 3  0      0 585240  19756 593224    0    0     0     0 11840 9729 81 17  2  0  0  0
12  0      0 585340  19756 593224    0    0     0     0 11294 9032 83 16  1  0  0  0
10  0      0 585276  19756 593224    0    0     0     0 11503 9072 82 17  1  0  0  0
11  0      0 585276  19756 593224    0    0     0     0 11267 8884 83 16  1  0  0  0
11  0      0 585276  19756 593224    0    0     0     0 10574 8174 86 14  1  0  0  0
12  0      0 585276  19756 593224    0    0     0     0 10912 8615 84 16  0  0  0  0
11  0      0 585276  19756 593224    0    0     0     0 11893 9615 80 19  1  0  0  0
 9  0      0 585276  19756 593224    0    0     0     0 11661 9409 80 19  0  0  0  0
 6  0      0 585276  19756 593224    0    0     0     0 12208 9981 81 18  1  0  0  0
11  0      0 585276  19756 593224    0    0     0     0 11789 9478 82 18  1  0  0  0
10  0      0 585276  19756 593224    0    0     0     0 12406 10151 81 18  1  0  0  0
10  0      0 585276  19756 593224    0    0     0     0 11074 8693 85 15  0  0  0  0
13  0      0 585276  19756 593224    0    0     0     0 10776 8500 84 15  0  0  0  0
 0  0      0 585276  19756 593224    0    0     0     0 4995 3844 35  7 58  0  0  0
 0  0      0 585276  19756 593224    0    0     0     0 2180 1640 12  3 85  0  0  0
 0  0      0 585276  19756 593224    0    0     0     0 2182 1637 13  3 85  0  0  0
 0  0      0 585276  19756 593224    0    0     0     0 2078 1512 12  3 85  0  0  0
 0  0      0 585864  19756 593224    0    0     0     0 2297 1867 14  3 83  0  0  0
 0  0      0 585932  19756 593216    0    0     0     0 2195 1621 13  3 85  0  0  0
 0  0      0 585932  19756 593216    0    0     0     0 2178 1605 12  3 85  0  0  0
 0  0      0 585932  19756 593216    0    0     0     0 2125 1657 12  4 85  0  0  0
 0  0      0 585932  19756 593216    0    0     0     0 2098 1510 12  3 85  0  0  0
 0  0      0 585932  19756 593216    0    0     0     0 2031 1526 11  3 86  0  0  0
 0  0      0 585932  19756 593216    0    0     0    16 2082 1618 11  4 85  0  0  0
 0  0      0 585932  19756 593216    0    0     0     0 2020 1471 13  3 85  0  0  0
 0  0      0 585932  19764 593208    0    0     0    48 2125 1533 13  3 84  0  1  0
 0  0      0 585932  19764 593216    0    0     0     0 2214 1666 14  3 84  0  0  0
 0  0      0 585932  19764 593216    0    0     0     0 2188 1603 14  3 84  0  0  0
 0  0      0 585932  19764 593216    0    0     0  1616 2230 1646 13  4 83  1  0  0
 0  0      0 585932  19764 593216    0    0     0     0 2342 1765 13  4 83  0  0  0
 0  0      0 585932  19764 593216    0    0     0     0 2219 1634 14  3 84  0  0  0
 0  0      0 585932  19764 593216    0    0     0     0 2259 1640 13  3 84  0  0  0
 0  0      0 585932  19764 593216    0    0     0     0 2267 1700 13  4 84  0  0  0
 0  0      0 585932  19764 593216    0    0     0     0 2220 1635 13  4 84  0  0  0
 0  0      0 585932  19764 593216    0    0     0     0 2198 1652 13  3 84  0  0  0
 0  0      0 585932  19764 593216    0    0     0     0 2236 1724 13  4 84  0  0  0
 0  0      0 585932  19764 593216    0    0     0     0 2125 1559 13  3 85  0  0  0
 0  0      0 585932  19764 593216    0    0     0     0 2255 1637 13  4 84  0  0  0
 0  0      0 585932  19764 593216    0    0     0     0 2294 1674 13  3 84  0  0  0
 0  0      0 585932  19764 593216    0    0     0     0 2241 1666 12  3 85  0  0  0
 0  0      0 585932  19764 593216    0    0     0     0 2154 1609 12  4 85  0  0  0
 0  0      0 585932  19764 593216    0    0     0     0 2227 1596 12  4 85  0  0  0
 0  0      0 585932  19764 593216    0    0     0     0 2277 1726 14  3 83  0  0  0
 0  0      0 585932  19764 593216    0    0     0     0 2250 1641 13  3 84  0  0  0
 0  0      0 585932  19764 593216    0    0     0     0 2241 1650 13  3 85  0  0  0
 0  0      0 585932  19764 593216    0    0     0     0 2213 1682 13  4 84  0  0  0
 0  0      0 585932  19764 593216    0    0     0     0 2142 1590 13  2 84  0  0  0
 0  0      0 585932  19764 593216    0    0     0     0 2293 1686 13  3 84  0  0  0
 0  0      0 585932  19764 593216    0    0     0   236 2170 1674 13  3 84  0  0  0
 0  0      0 585932  19764 593216    0    0     0     0 2169 1603 13  3 85  0  0  0
 0  0      0 585932  19764 593216    0    0     0     0 2277 1696 13  3 84  0  0  0
 0  0      0 585932  19764 593216    0    0     0     0 2179 1613 13  3 84  0  0  0
 0  0      0 585932  19764 593216    0    0     0     0 2220 1646 13  3 84  0  0  0
 0  0      0 585932  19764 593216    0    0     0     0 2170 1517 13  3 84  0  0  0
 0  0      0 585932  19764 593216    0    0     0    16 2247 1623 14  4 83  0  0  0
 0  0      0 585932  19764 593216    0    0     0    36 2228 1647 13  3 84  0  0  0
 0  0      0 585680  19764 593216    0    0     0     0 2195 1622 13  4 83  0  0  0
 1  0      0 585712  19764 593220    0    0     0     0 2297 1702 14  4 82  0  0  0
 0  0      0 586724  19768 593216    0    0     4     0 2208 1671 13  4 83  0  0  0
 0  0      0 586724  19768 593220    0    0     0     0 1061  766  5  3 93  0  0  0
 1  0      0 586724  19768 593220    0    0     0     0  362  274  2  1 98  0  0  0
 0  0      0 586724  19768 593220    0    0     0     0  412  310  2  1 97  0  0  0
