procs -----------memory---------- ---swap-- -----io---- -system-- -------cpu-------
 r  b   swpd   free   buff  cache   si   so    bi    bo   in   cs us sy id wa st gu
 1  0      0 587488  19780 593264    0    0   330   713 2097    8 20  3 76  1  0  0
14  0      0 587408  19780 593272    0    0     0     0 8444 8474 59 14 27  0  0  0
20  0      0 587408  19780 593272    0    0     0     0 11361 11529 81 19  0  0  0  0
11  0      0 587408  19808 593276    0    0     0  2260 11257 11221 79 20  0  0  0  0
 9  0      0 588392  19808 593276    0    0     0     0 10589 10384 82 18  0  0  0  0
13  0      0 588392  19808 593276    0    0     0     0 10036 9552 82 17  0  0  0  0
12  0      0 588392  19808 593276    0    0     0     0 10654 10491 81 19  1  0  0  0
 4  0      0 588392  19808 593276    0    0     0     0 11007 11065 80 20  0  0  0  0
 6  0      0 588392  19808 593276    0    0     0     0 11090 11028 81 19  1  0  0  0
 9  0      0 588488  19808 593276    0    0     0     0 11166 11155 81 19  1  0  1  0
14  0      0 588440  19808 593276    0    0     0     0 11192 11117 80 19  1  0  0  0
13  0      0 588188  19808 593276    0    0     0     0 11372 11466 79 21  1  0  0  0
11  0      0 589616  19808 593276    0    0     0    52 10967 11014 80 19  1  0  0  0
 5  0      0 589624  19808 593280    0    0     0     0 11321 11245 79 20  1  0  0  0
15  0      0 589624  19808 593280    0    0     0     0 11379 11342 81 18  1  0  0  0
 0  0      0 589624  19808 593280    0    0     0  1808 4020 3778 29  7 63  0  0  0
 0  0      0 589624  19808 593280    0    0     0     0 2015 1803 13  3 85  0  0  0
 0  0      0 589372  19816 593272    0    0     0    52 2303 2116 15  3 82  1  0  0
 0  0      0 589404  19816 593272    0    0     0     0 2079 1868 13  4 84  0  0  0
 0  0      0 589500  19816 593272    0    0     0     0 2108 1983 14  4 83  0  0  0
 0  0      0 589436  19816 593272    0    0     0     0 2136 1928 13  4 84  0  0  0
 0  0      0 589436  19816 593272    0    0     0     0 2195 2002 13  4 83  0  0  0
 0  0      0 589436  19816 593272    0    0     0     0 2153 1994 14  3 83  0  0  0
 0  0      0 589436  19816 593272    0    0     0     0 2150 1961 14  4 83  0  0  0
 0  0      0 589436  19816 593272    0    0     0     0 2087 1827 14  3 84  0  0  0
 0  0      0 589436  19816 593272    0    0     0     0 2162 2034 13  4 83  0  0  0
 0  0      0 589436  19816 593272    0    0     0     0 2081 1970 13  3 84  0  0  0
 0  0      0 589436  19816 593272    0    0     0     0 1986 1797 12  3 85  0  0  0
 0  0      0 589436  19816 593272    0    0     0     0 2154 2013 15  3 83  0  0  0
 0  0      0 589436  19816 593272    0    0     0     0 2141 1952 13  4 84  0  0  0
 0  0      0 589436  19816 593272    0    0     0     0 2121 1933 14  3 83  0  1  0
 0  0      0 589436  19816 593272    0    0     0     0 2124 1968 14  3 83  0  0  0
 0  0      0 589436  19816 593272    0    0     0     0 1923 1730 12  3 85  0  0  0
 0  0      0 589436  19816 593272    0    0     0     0 2110 1906 13  3 84  0  0  0
 0  0      0 589436  19816 593272    0    0     0     0 2160 2013 14  3 83  0  0  0
 0  0      0 589436  19816 593272    0    0     0   224 2030 1865 12  3 85  0  0  0
 0  0      0 589436  19816 593272    0    0     0     0 1989 1862 12  4 85  0  0  0
 0  0      0 589436  19816 593272    0    0     0     0 1990 1791 12  4 85  0  0  0
 0  0      0 589436  19816 593272    0    0     0     0 1889 1763 12  3 85  0  0  0
 0  0      0 589436  19816 593272    0    0     0     0 1920 1761 12  3 85  0  0  0
 0  0      0 589436  19816 593272    0    0     0     0 1954 1744 12  3 85  0  0  0
 0  0      0 589436  19816 593272    0    0     0     0 1969 1781 12  3 85  0  0  0
 0  0      0 589436  19816 593272    0    0     0    16 1926 1862 12  3 84  0  0  0
 0  0      0 589436  19816 593272    0    0     0     0 2017 1846 12  4 84  0  0  0
 0  0      0 589436  19816 593272    0    0     0     0 2082 1888 13  3 84  0  0  0
 0  0      0 589436  19816 593272    0    0     0     0 2113 1997 14  4 83  0  0  0
 0  0      0 589436  19816 593272    0    0     0     0 2058 1831 13  4 84  0  0  0
 0  0      0 589436  19816 593272    0    0     0     0 2072 1903 13  3 84  0  0  0
 0  0      0 589436  19824 593264    0    0     0    52 2121 1944 14  3 84  0  0  0
 0  0      0 589436  19824 593272    0    0     0     0 1851 1749 11  3 86  0  0  0
 0  0      0 589436  19824 593272    0    0     0     0 2058 1830 13  4 84  0  0  0
 0  0      0 589436  19824 593272    0    0     0  1448 2029 1778 12  3 84  1  0  0
 0  0      0 589436  19824 593272    0    0     0     0 1934 1748 13  3 85  0  0  0
 0  0      0 589436  19824 593272    0    0     0     0 2095 1944 13  4 83  0  0  0
 0  0      0 589436  19824 593272    0    0     0     0 2032 1886 13  4 84  0  0  0
 0  0      0 589436  19824 593272    0    0     0     0 2053 1918 13  3 84  0  0  0
 0  0      0 589436  19824 593272    0    0     0     0 2083 1881 13  3 84  0  0  0
 0  0      0 589436  19824 593272    0    0     0     0 2009 1807 13  3 85  0  0  0
 0  0      0 589436  19824 593272    0    0     0     0 2064 1890 14  3 84  0  0  0
 0  0      0 589436  19824 593272    0    0     0     0 2050 1818 13  3 84  0  0  0
 0  0      0 589436  19824 593272    0    0     0     0 2032 1838 13  3 84  0  0  0
 0  0      0 589436  19824 593272    0    0     0     0 1175 1000  7  1 92  0  0  0
 0  0      0 589436  19824 593272    0    0     0     0  159  144  0  0 100  0  0  0
 0  0      0 589436  19824 593272    0    0     0     0  159  141  0  0 100  0  0  0
 0  0      0 589436  19824 593272    0    0     0     0  140  118  0  0 100  0  0  0
