procs -----------memory---------- ---swap-- -----io---- -system-- -------cpu-------
 r  b   swpd   free   buff  cache   si   so    bi    bo   in   cs us sy id wa st gu
 1  0      0 370860   5904 301000    0    0   533   727 1679    6  6  3 89  2  0  0
 1  0      0 370840   5904 301008    0    0     0     0 3912 1977  5  2 92  0  1  0
 1  0      0 370840   5904 301008    0    0     0     0 4156 2003  7  3 90  0  1  0
 0  0      0 370840   5904 301008    0    0     0     0 4010 2303  6  4 90  0  1  0
 0  0      0 370840   5904 301008    0    0     0     0 4427 2302  6  3 91  0  1  0
 1  0      0 370840   5904 301008    0    0     0     0 4530 2268  6  2 92  0  1  0
 1  0      0 370840   5904 301008    0    0     0     0 4421 2133  6  4 90  0  1  0
 0  0      0 370840   5904 301008    0    0     0     0 4220 2202  8  3 88  0  1  0
 1  0      0 370840   5904 301008    0    0     0     0 4419 2139  7  3 89  0  1  0
 0  0      0 370840   5904 301008    0    0     0     0 4467 2180  7  3 89  0  2  0
 0  0      0 370840   5904 301008    0    0     0     0 4048 2210  7  4 88  0  1  0
 0  0      0 370840   5904 301008    0    0     0     0 3919 2355  7  2 91  0  1  0
 1  0      0 370840   5904 301008    0    0     0     0 4455 2239  7  4 89  0  1  0
 0  0      0 370840   5904 301008    0    0     0     0 4188 2196  6  3 89  0  2  0
 2  0      0 370840   5904 301008    0    0     0     0 4279 2202  6  2 92  0  1  0
 1  0      0 370840   5904 301008    0    0     0     0 4578 2254  6  3 91  0  1  0
 0  0      0 370840   5904 301008    0    0     0     0 4682 2364  6  3 91  0  1  0
 0  0      0 370840   5904 301008    0    0     0     0 4053 2346  6  4 89  0  1  0
 0  0      0 370840   5904 301008    0    0     0     0 4021 2345  7  4 89  0  1  0
 0  0      0 370840   5904 301008    0    0     0     0 3929 2400  6  4 90  0  1  0
 1  0      0 370840   5904 301008    0    0     0     0 4017 2505  7  4 89  0  1  0
 1  0      0 370840   5904 301004    0    0     0     0 4155 2361  7  4 89  0  1  0
 0  0      0 370840   5904 301004    0    0     0     0 4691 2301  6  3 90  0  1  0
 0  0      0 370840   5904 301004    0    0     0  2096 4540 2174  8  4 86  1  1  0
 0  0      0 370840   5904 301004    0    0     0     0 4616 2216  7  3 90  0  1  0
 1  0      0 370840   5904 301004    0    0     0     0 4597 2202  7  3 89  0  1  0
 1  0      0 370840   5904 301004    0    0     0     0 4710 2358  8  4 88  0  1  0
 0  0      0 370840   5904 300996    0    0     0     4 4786 2323  7  3 89  0  1  0
 1  0      0 370840   5904 300996    0    0     0     0 4334 2221  8  3 89  0  1  0
 1  0      0 370840   5912 300996    0    0     0    48 4563 2262  7  3 90  0  1  0
 1  0      0 370840   5912 300996    0    0     0     0 4198 2195  7  3 90  0  1  0
 0  0      0 370840   5912 300996    0    0     0     0 3769 2232  8  4 87  0  1  0
 0  0      0 370840   5912 300996    0    0     0     8 4342 2276  6  4 90  0  1  0
 1  0      0 370840   5912 300996    0    0     0     0 4481 2162  6  3 90  0  1  0
 0  0      0 370840   5912 300996    0    0     0     4 4639 2260  6  2 91  0  1  0
 0  0      0 370840   5912 300996    0    0     0     0 4574 2263  5  3 92  0  1  0
 0  0      0 370840   5912 300996    0    0     0     0 4593 2295  6  4 90  0  1  0
 0  0      0 370840   5912 300996    0    0     0     0 4576 2260  6  3 90  0  1  0
 0  0      0 370840   5912 300996    0    0     0     0 4212 2208  7  3 89  0  1  0
 1  0      0 370840   5912 300996    0    0     0     0 4216 2281  6  3 90  0  1  0
 0  0      0 370840   5912 300996    0    0     0     0 4658 2322  6  3 91  0  1  0
 1  0      0 370840   5912 300996    0    0     0     0 4598 2311  7  2 91  0  1  0
 1  0      0 370840   5912 300996    0    0     0     0 4593 2270  6  4 90  0  1  0
 0  0      0 370840   5912 300996    0    0     0     0 4297 2126  7  3 89  0  1  0
 0  0      0 370840   5912 300996    0    0     0     0 1512  740  2  1 97  0  0  0
 0  0      0 370760   5916 300992    0    0     4     0 1465  733  4  1 81 13  1  0
 1  0      0 370728   5916 300996    0    0     0     0 1211  602  2  2 95  0  0  0
 1  0      0 370728   5916 300996    0    0     0     0 1351  681  2  2 95  0  1  0
 0  0      0 370728   5916 300996    0    0     0     0 1401  686  2  2 95  0  1  0
 0  0      0 370728   5916 300996    0    0     0     0 1451  723  3  2 95  0  0  0
 1  0      0 370728   5916 300996    0    0     0     0 1433  677  3  1 95  0  1  0
 0  0      0 370728   5916 300996    0    0     0     0 1474  798  3  1 96  0  0  0
 0  0      0 370728   5916 300996    0    0     0     0 1419  866  2  2 96  0  0  0
 0  0      0 372240   5916 300988    0    0     0     0 1458  923  3  2 94  0  1  0
 0  0      0 372240   5916 300988    0    0     0     0 1441  731  3  1 96  0  0  0
 0  0      0 372240   5916 300988    0    0     0     0 1525  779  3  2 95  0  1  0
 0  0      0 372240   5916 300988    0    0     0     0 1543  768  2  1 96  0  0  0
 0  0      0 372240   5916 300988    0    0     0  1940 1601  813  3  2 94  1  1  0
 0  0      0 372240   5916 300988    0    0     0     0 1509  819  2  0 98  0  0  0
 0  0      0 372240   5916 300988    0    0     0     0 1704  897  2  1 97  0  0  0
 0  0      0 372240   5916 300988    0    0     0     0  635  339  1  1 98  0  1  0
 0  0      0 372240   5916 300988    0    0     0     4   86   76  0  0 100  0  0  0
 0  0      0 372240   5916 300988    0    0     0     0   33   26  0  0 100  0  0  0
 0  0      0 372240   5924 300980    0    0     0    44  178  190  1  0 99  0  0  0
 0  0      0 372240   5924 300988    0    0     0     0   31   23  0  0 100  0  0  0
