procs -----------memory---------- ---swap-- -----io---- -system-- -------cpu-------
 r  b   swpd   free   buff  cache   si   so    bi    bo   in   cs us sy id wa st gu
 4  0      0 588788  19724 593224    0    0   381   820 2022    8 21  3 74  1  0  0
 1  0      0 588788  19724 593224    0    0     0     0 5208 2968 24  3 74  0  0  0
 1  0      0 588788  19724 593224    0    0     0     0 5445 3205 22  4 74  0  1  0
 1  0      0 588852  19724 593224    0    0     0     0 5849 3354 23  4 73  0  0  0
 0  0      0 590612  19724 593224    0    0     0     0 5324 3330 23  5 73  0  0  0
 1  0      0 590612  19724 593224    0    0     0     0 5626 3165 21  4 75  0  1  0
 1  0      0 590612  19724 593224    0    0     0     0 5527 3121 26  5 69  0  0  0
 0  0      0 590544  19732 593224    0    0     0    60 4979 3140 25  4 72  0  0  0
 1  0      0 590608  19732 593224    0    0     0     0 5605 3159 22  4 74  0  0  0
 2  0      0 590704  19732 593224    0    0     0     0 5334 3119 28  4 67  0  1  0
 1  0      0 590640  19732 593224    0    0     0     0 5642 3158 37  4 59  0  0  0
 1  0      0 590640  19732 593224    0    0     0     0 4934 3480 27  4 69  0  0  0
 0  0      0 590640  19732 593224    0    0     0     0 4885 3207 22  4 74  0  1  0
 0  0      0 590640  19732 593224    0    0     0     0 5233 3221 21  4 75  0  0  0
 0  0      0 590640  19732 593224    0    0     0     0 5089 3293 21  4 75  0  0  0
 0  0      0 590640  19732 593224    0    0     0     0 4892 3396 21  5 74  0  1  0
 0  0      0 590640  19732 593224    0    0     0     0 5374 3445 26  4 70  0  0  0
 1  0      0 590640  19732 593224    0    0     0     0 5181 3352 20  4 76  0  0  0
 1  0      0 590640  19732 593224    0    0     0     0 5590 3397 21  4 75  0  0  0
 1  0      0 590640  19732 593224    0    0     0     0 5469 3581 21  4 75  0  1  0
 0  0      0 590640  19732 593216    0    0     0     0 5120 3323 22  4 75  0  0  0
 1  0      0 590640  19732 593216    0    0     0     0 5070 3414 18  4 77  0  0  0
 0  0      0 590640  19732 593216    0    0     0     0 5234 3114 22  4 74  0  1  0
 0  0      0 590640  19732 593216    0    0     0     0 5583 3222 20  4 76  0  0  0
 0  0      0 590640  19732 593216    0    0     0     0 5710 3263 18  5 77  0  0  0
 0  0      0 590640  19732 593216    0    0     0     0 5513 3158 22  3 75  0  0  0
 1  0      0 590640  19732 593216    0    0     0     0 5490 3407 28  4 68  0  1  0
 0  0      0 590640  19732 593216    0    0     0     0 5252 3247 19  4 76  0  0  0
 0  0      0 590640  19732 593216    0    0     0     0 5621 3211 20  4 76  0  0  0
 0  0      0 590640  19732 593216    0    0     0     0 4648 3238 21  4 75  0  1  0
 1  0      0 590640  19732 593216    0    0     0  1640 5600 3225 19  4 77  0  0  0
 1  0      0 590640  19732 593216    0    0     0     0 5042 3286 24  5 71  0  0  0
 1  0      0 590640  19732 593216    0    0     0     0 4887 3189 20  4 76  0  1  0
 2  0      0 590640  19732 593216    0    0     0     0 5072 3326 20  4 77  0  0  0
 1  0      0 590640  19732 593216    0    0     0     0 5473 3206 21  4 76  0  0  0
 1  0      0 590640  19732 593216    0    0     0     0 5584 3360 20  5 75  0  1  0
 0  0      0 590640  19732 593216    0    0     0     0 5549 3213 25  3 72  0  0  0
 0  0      0 590640  19740 593216    0    0     0    40 5497 3169 18  4 77  0  0  0
 1  0      0 590640  19740 593216    0    0     0    56 5111 3266 21  5 74  0  1  0
 1  0      0 590640  19740 593216    0    0     0     0 5271 3412 20  4 76  0  0  0
 1  0      0 590640  19740 593216    0    0     0     0 5428 3230 20  4 75  0  1  0
 1  0      0 590640  19740 593216    0    0     0     0 5248 3303 21  5 74  0  0  0
 0  0      0 590640  19740 593216    0    0     0     0 4912 3116 20  4 76  0  1  0
 0  0      0 590640  19740 593216    0    0     0     0 2352 1481  9  2 89  0  0  0
 0  0      0 591060  19740 593216    0    0     0     0 1899 1069  6  3 91  0  0  0
 0  0      0 591104  19740 593216    0    0     0     0 1629  959  7  1 93  0  0  0
 0  0      0 591360  19740 593216    0    0     0     0 1636  982  7  2 92  0  0  0
 0  0      0 591360  19740 593216    0    0     0     0 1814 1020  7  1 92  0  0  0
 0  0      0 591360  19740 593216    0    0     0     0 1704 1093  7  1 91  0  1  0
 0  0      0 591360  19740 593216    0    0     0     0 1879 1042  7  1 92  0  0  0
 0  0      0 591360  19740 593216    0    0     0     0 1996 1100  6  2 92  0  0  0
 0  0      0 591360  19740 593216    0    0     0   260 2136 1275  8  2 90  1  0  0
 0  0      0 591360  19740 593216    0    0     0     0 1914 1116  8  2 91  0  0  0
 0  0      0 591360  19740 593216    0    0     0     0 1656 1112  6  2 92  0  0  0
 0  0      0 591360  19740 593216    0    0     0     0 1829 1236  7  1 91  0  1  0
 0  0      0 591360  19740 593216    0    0     0     0 1940 1075  6  2 92  0  0  0
 0  0      0 591360  19740 593216    0    0     0     0 2022 1139  7  2 92  0  0  0
 0  0      0 591360  19740 593216    0    0     0     0 1961 1214  6  1 93  0  0  0
 0  0      0 591360  19740 593216    0    0     0     0 2152 1322  8  2 91  0  0  0
 0  0      0 591360  19740 593216    0    0     0     0 1035  708  4  1 96  0  0  0
 0  0      0 591360  19740 593216    0    0     0     0  131  124  0  0 100  0  0  0
 0  0      0 591360  19740 593216    0    0     0     0  139  122  0  0 100  0  0  0
 0  0      0 591360  19740 593216    0    0     0     0  160  144  0  1 100  0  0  0
 0  0      0 591360  19740 593216    0    0     0     0  163  157  0  0 100  0  0  0
 0  0      0 591360  19740 593216    0    0     0     0  132  115  0  1 100  0  0  0
