procs -----------memory---------- ---swap-- -----io---- -system-- -------cpu-------
 r  b   swpd   free   buff  cache   si   so    bi    bo   in   cs us sy id wa st gu
 1  0      0 367308   5992 301012    0    0   461   636 1760    6  6  3 89  2  0  0
 3  0      0 367292   5992 301020    0    0     0     4 7324 5905 19 11 70  0  1  0
 1  0      0 367292   5992 301020    0    0     0     0 12324 10187 34 19 47  0  1  0
 1  0      0 367292   5992 301020    0    0     0     0 12089 9741 29 17 53  0  1  0
 0  0      0 367292   5992 301020    0    0     0     0 11963 9512 29 16 54  0  1  0
 0  0      0 367292   5992 301020    0    0     0     0 11141 8651 25 17 58  0  0  0
 1  0      0 367292   5992 301020    0    0     0     0 11221 8767 30 16 53  0  1  0
 0  0      0 367292   5992 301020    0    0     0     0 11864 9512 35 18 46  0  1  0
 2  0      0 367292   5992 301020    0    0     0     0 11880 9480 35 16 49  0  1  0
 3  0      0 367292   5992 301020    0    0     0     0 12237 9921 34 17 49  0  1  0
 1  0      0 367292   5992 301020    0    0     0     0 12173 9744 33 16 51  0  1  0
 1  0      0 367292   5992 301020    0    0     0     0 12295 9882 34 18 47  0  1  0
 8  0      0 367212   5992 301020    0    0     0     0 11827 9383 34 20 45  0  1  0
 2  0      0 368252   5992 301020    0    0     0     0 12326 10014 32 18 50  0  1  0
 3  0      0 368252   5992 301020    0    0     0     0 12277 10027 33 18 48  0  1  0
 8  0      0 368252   5992 301020    0    0     0  1712 5700 4653 19 11 69  0  1  0
11  0      0 369332   5992 301020    0    0     0     0 1901 1686  7  5 88  0  0  0
10  0      0 369332   5992 301012    0    0     0     0 2076 1703 10  4 85  0  0  0
 9  0      0 369332   5992 301012    0    0     0     0 1935 1577 10  4 85  0  0  0
 1  0      0 369332   5992 301012    0    0     0     0 1871 1551 12  7 80  0  1  0
 1  0      0 369332   5992 301012    0    0     0     0 1921 1597  7  4 88  0  0  0
 3  0      0 369332   5992 301012    0    0     0     0 2041 1684 17  8 75  0  0  0
 1  0      0 369332   5992 301012    0    0     0     0 1831 1592 16  8 76  0  0  0
 1  0      0 369332   5992 301012    0    0     0     0 2011 1674  6  6 87  0  1  0
 4  0      0 371100   5992 301012    0    0     0     8 1981 1729 21 13 66  0  0  0
 2  0      0 371164   5992 301004    0    0     0     0 2011 1731 11  7 81  0  0  0
 1  0      0 371164   5992 301004    0    0     0     0 2002 1658  7  3 90  0  0  0
 0  0      0 371164   5992 301004    0    0     0     0 1825 1486 10  4 84  0  1  0
 1  0      0 371164   5992 301004    0    0     0     0 1885 1577 16  9 75  0  0  0
 0  0      0 371164   5992 301004    0    0     0     0 2027 1677  9  5 85  0  0  0
 0  0      0 371164   6000 300996    0    0     0    36 2005 1638  8  4 88  0  0  0
 2  0      0 371164   6000 301004    0    0     0     0 1828 1477 15  8 76  0  1  0
 5  0      0 371164   6000 301004    0    0     0    40 1667 1356 17  7 75  0  1  0
 1  0      0 371164   6000 301004    0    0     0     0 1884 1575  6  4 89  0  1  0
 2  0      0 371164   6000 301004    0    0     0     0 1947 1606 12  7 81  0  0  0
 4  0      0 371164   6000 301004    0    0     0     0 1716 1401 22 12 64  0  2  0
 1  0      0 371164   6000 301004    0    0     0     0 1768 1417 40 17 43  0  0  0
 1  0      0 371164   6000 301004    0    0     0     0 1678 1375 16  8 74  0  1  0
 2  0      0 371164   6000 301004    0    0     0     0 1562 1344 24 10 64  0  2  0
 0  0      0 371164   6000 301004    0    0     0     0 1667 1338  8  5 87  0  0  0
 1  0      0 371164   6000 301004    0    0     0     0 1756 1418 15  9 74  0  1  0
 0  0      0 371164   6000 301004    0    0     0     0 1707 1340 14  5 81  0  0  0
 3  0      0 371164   6000 301004    0    0     0     0 1693 1360 23 13 62  0  2  0
 0  0      0 371164   6000 301004    0    0     0     4 1798 1501 10  4 87  0  0  0
 3  0      0 371164   6000 301004    0    0     0     0 1893 1572 14  8 77  0  1  0
 6  0      0 371164   6000 301004    0    0     0     0 1963 1618 15  7 78  0  0  0
 2  0      0 371164   6000 301004    0    0     0     0 1943 1562 11  7 81  0  0  0
 2  0      0 371164   6000 301004    0    0     0     0 1842 1536 10  5 84  0  1  0
 5  0      0 371164   6000 301004    0    0     0  2012 1868 1580 16  9 73  1  0  0
 2  0      0 373952   6000 301004    0    0     0     0 1589 1407 41 24 34  0  0  0
 2  0      0 373988   6000 300996    0    0     0     0 1714 1491 15  9 75  0  1  0
 3  0      0 373988   6000 300996    0    0     0     0 1664 1358 20 13 67  0  0  0
 0  0      0 375212   6000 300996    0    0     0     0 1669 1430 40 20 40  0  0  0
 2  0      0 375224   6000 300996    0    0     0     0 1937 1598  9  6 84  0  1  0
 1  0      0 375224   6000 300996    0    0     0     0 1867 1551 12  5 83  0  0  0
 2  0      0 375224   6000 300996    0    0     0     0 1838 1516  9  6 84  0  1  0
 3  0      0 375224   6000 300996    0    0     0     0 1918 1573  9  5 86  0  0  0
 3  0      0 375224   6000 300996    0    0     0     0 1853 1508 10  5 85  0  0  0
 4  0      0 375224   6000 300996    0    0     0     0 1793 1478 34 20 43  0  3  0
 2  0      0 375224   6000 300996    0    0     0     0 1874 1532 20 10 71  0  0  0
 0  0      0 375224   6000 300996    0    0     0     0 1865 1561 23 12 65  0  0  0
 0  0      0 375224   6000 300996    0    0     0     0  675  576  4  1 95  0  0  0
 0  0      0 375224   6000 300996    0    0     0     0   67   54  0  0 100  0  0  0
 0  0      0 375224   6000 300996    0    0     0     0   45   36  0  1 100  0  0  0
 0  0      0 375224   6000 300996    0    0     0     0   46   40  0  0 100  0  0  0
