procs -----------memory---------- ---swap-- -----io---- -system-- -------cpu-------
 r  b   swpd   free   buff  cache   si   so    bi    bo   in   cs us sy id wa st gu
 2  0      0 822148   9948 390112    0    0   225   416 1673    5 22  3 74  1  0  0
 0  0      0 827144   9948 390112    0    0     0     0 1778  828 24  3 72  0  0  0
 0  0      0 832596   9948 390112    0    0     0     0 1587  840 12  4 84  0  0  0
 0  0      0 836420   9948 390112    0    0     0     0 1566  785 11  3 86  0  0  0
 0  0      0 841204   9948 390112    0    0     0     0 1585  807  7  4 89  0  0  0
 3  0      0 846056   9948 390116    0    0     0     0 1559  839  8  3 88  0  0  0
 0  0      0 850596   9948 390116    0    0     0     0 1499  760  6  3 91  0  0  0
 0  0      0 850844   9948 390116    0    0     0     0 1547  802  9  4 87  0  0  0
 1  0      0 851292   9948 390116    0    0     0     0 1559  807 11  3 85  0  0  0
 0  0      0 850788   9948 390116    0    0     0     0 1587  769 21  4 74  0  0  0
 0  0      0 850540   9948 390116    0    0     0     0 1609  786 17  3 80  0  0  0
 0  0      0 850908   9948 390116    0    0     0     0 1818  946 29  3 67  0  0  0
 0  0      0 850876   9948 390116    0    0     0     0 1394  740  6  4 89  0  0  0
 0  0      0 850876   9948 390116    0    0     0     0 1430  789  6  4 90  0  0  0
 0  0      0 850636   9948 390116    0    0     0     0 1401  783  6  3 91  0  0  0
 1  0      0 850888   9948 390116    0    0     0     0 1375  758  6  3 91  0  0  0
 0  0      0 852316   9948 390108    0    0     0     0 1606  982  7  4 88  0  0  0
 2  0      0 852316   9948 390108    0    0     0     0 1562  942  8  4 88  0  0  0
 1  0      0 852092   9956 390108    0    0     0    64 1524  826  8  4 88  0  0  0
 1  0      0 852092   9956 390108    0    0     0     0 1424  770  5  3 91  0  0  0
 1  0      0 852092   9956 390108    0    0     0     0 1399  783  6  4 90  0  0  0
 0  0      0 851852   9956 390108    0    0     0     0 1468  887  5  4 90  0  0  0
 0  0      0 851852   9956 390108    0    0     0     0 1545  833  9  3 88  0  0  0
 0  0      0 851852   9956 390108    0    0     0     0 1499  832  7  4 88  0  0  0
 0  0      0 851852   9956 390108    0    0     0     0 1463  792  6  4 90  0  0  0
 0  0      0 851852   9956 390108    0    0     0     0 1399  749  5  4 91  0  0  0
 1  0      0 853212   9956 390100    0    0     0     0 1595 1050  8  5 87  0  0  0
 0  0      0 852960   9956 390100    0    0     0     0 1378  785  6  3 91  0  0  0
 1  0      0 852960   9956 390100    0    0     0     0 1523  799  5  4 91  0  0  0
 0  0      0 852784   9956 390100    0    0     0  2908 1425  820  6  4 88  1  0  0
 0  0      0 852712   9956 390100    0    0     0     0 1915  970 36  3 60  0  0  0
 0  0      0 853048   9956 390100    0    0     0     0 1444  763  8  4 88  0  0  0
 0  0      0 853084   9956 390100    0    0     0     0 1498  784 10  3 87  0  0  0
 0  0      0 853204   9956 390100    0    0     0     0 1522  783  5  4 90  0  0  0
 0  0      0 852952   9956 390100    0    0     0     0 1527  788  6  4 90  0  0  0
 0  0      0 852952   9956 390100    0    0     0     0 1449  788  5  4 90  0  0  0
 0  0      0 852952   9956 390100    0    0     0     0 1563  829  9  4 87  0  0  0
 0  0      0 852952   9956 390100    0    0     0     0 1471  734  5  3 91  0  0  0
 0  0      0 852952   9956 390100    0    0     0     0 1455  780  6  4 90  0  0  0
 0  0      0 852952   9956 390100    0    0     0     0 1648  730 20  3 76  0  0  0
 1  0      0 852952   9956 390100    0    0     0     0 1607  818  9  3 87  0  0  0
 0  0      0 852952   9956 390100    0    0     0     0 1718  931 14  4 81  0  0  0
 0  0      0 852952   9956 390100    0    0     0     0 1500  816  9  3 87  0  0  0
 0  0      0 852952   9956 390100    0    0     0     0 1454  744  5  3 91  0  0  0
 0  0      0 852760   9956 390100    0    0     0     0  304  289  2  1 98  0  0  0
 0  0      0 852712   9956 390100    0    0     0     0  174  140  0  0 100  0  0  0
 0  0      0 852712   9956 390100    0    0     0     0  139  124  0  0 100  0  0  0
 0  0      0 852712   9956 390100    0    0     0     0  121  103  0  0 100  0  0  0
 0  0      0 852712   9964 390092    0    0     0   108  157  140  1  0 99  1  0  0
 0  0      0 852712   9964 390100    0    0     0     0  137  108  0  0 100  0  0  0
