procs -----------memory---------- ---swap-- -----io---- -system-- -------cpu-------
 r  b   swpd   free   buff  cache   si   so    bi    bo   in   cs us sy id wa st gu
 2  0      0 904632   9800 381072    0    0   234   436 1682    5 23  3 73  1  0  0
 1  0      0 903888   9800 382796    0    0  1664     0  859  857  3  6 90  2  0  0
 1  0      0 903664   9816 382932    0    0   148  2656 1752  901 41  2 41 15  0  0
 1  0      0 903412   9832 382940    0    0     0    40 2404 1182 59  4 37  0  0  0
 3  0      0 902920   9832 382940    0    0     0     0 2342 1016 62  3 34  0  0  0
 2  0      0 900148   9832 382940    0    0     0     0 2402  898 72  3 25  0  0  0
 3  0      0 900148   9832 382940    0    0     0     0 2215  942 61  3 37  0  0  0
 2  0      0 900148   9832 382940    0    0     0     0 2149  782 58  4 39  0  0  0
 3  0      0 900148   9832 382940    0    0     0     0 2187  809 59  3 38  0  0  0
 3  0      0 899956   9832 382940    0    0     0     0 2185 1030 57  4 39  0  0  0
 2  0      0 899924   9832 382940    0    0     0     0 2132  828 59  3 39  0  0  0
 2  0      0 899168   9832 382940    0    0     0     0 2169  795 56  4 39  0  0  0
 1  0      0 895388   9832 382940    0    0     0     0 2236  824 56  5 39  0  0  0
 2  0      0 895196   9832 382940    0    0     0     0 1744  818 26  4 70  0  0  0
 6  0      0 895164   9832 382940    0    0     0     0 2152  733 57  2 42  0  0  0
 1  0      0 894156   9832 382940    0    0     0     0 2117  852 52  3 44  0  0  0
 0  0      0 894156   9832 382940    0    0     0     0 2142  787 51  3 46  0  0  0
 1  0      0 894156   9832 382940    0    0     0     0 1898  877 36  4 59  0  0  0
 1  0      0 893400   9832 382940    0    0     0     0 2114  745 57  2 41  0  0  0
 1  0      0 893400   9832 382940    0    0     0     0 1959  815 41  3 55  0  0  0
10  0      0 893400   9832 382940    0    0     0     0 1519  599 51  3 46  0  0  0
 1  0      0 893208   9832 382940    0    0     0     0  912  551 39  2 59  0  0  0
 1  0      0 893176   9832 382940    0    0     0     0  890  474 49  6 46  0  0  0
 5  0      0 893176   9832 382940    0    0     0     0  872  534 51  6 43  0  0  0
 8  0      0 893176   9832 382940    0    0     0     0  872  457 36  3 61  0  0  0
 1  0      0 893360   9832 382940    0    0     0     0  904  583 42  3 55  0  0  0
 1  0      0 893360   9832 382940    0    0     0     0  905  543 50  4 46  0  0  0
 1  0      0 893120   9832 382940    0    0     0     0  907  498 38  4 57  0  0  0
 1  0      0 893120   9832 382940    0    0     0  2376  914  566 47  6 46  1  0  0
 1  0      0 893120   9832 382940    0    0     0     0  908  521 37  4 57  0  1  0
11  0      0 893120   9832 382940    0    0     0     0  815  408 35  3 61  0  0  0
 6  0      0 893120   9832 382940    0    0     0     8  982  530 34  3 63  0  0  0
 1  0      0 892880   9832 382940    0    0     0    16  946  562 40  2 57  0  0  0
 1  0      0 892880   9840 382940    0    0     0    44  934  541 40  6 53  0  1  0
 1  0      0 892880   9840 382940    0    0     0     0  882  508 45  7 48  0  0  0
 1  0      0 892880   9840 382940    0    0     0     0  933  546 34  3 63  0  0  0
 8  0      0 892880   9840 382940    0    0     0     0  828  481 56  6 38  0  0  0
 2  0      0 892656   9840 382940    0    0     0     0  996  590 70  3 28  0  0  0
 1  0      0 892404   9840 382940    0    0     0     0 1012  718 62  6 32  0  0  0
 2  0      0 892212   9840 382940    0    0     0     0  892  596 38  5 58  0  0  0
 1  0      0 892164   9840 382940    0    0     0     0 1189  615 12  2 85  0  1  0
 0  0      0 892164   9840 382940    0    0     0     0 1476  778 12  3 85  0  0  0
 0  0      0 891408   9840 382940    0    0     0     0 1584  797 16  4 80  0  0  0
 0  0      0 891464   9840 382940    0    0     0     0 1499  801 11  4 85  0  0  0
 1  0      0 891464   9840 382940    0    0     0     0 1611  802 22  4 74  0  0  0
 1  0      0 888944   9840 382940    0    0     0     0  886  549 29  5 65  0  1  0
 1  0      0 888944   9840 382940    0    0     0     0  907  595 36  2 61  0  0  0
 1  0      0 888944   9840 382940    0    0     0     0  703  367 21  1 79  0  0  0
 0  0      0 888944   9840 382940    0    0     0     0  161  109  2  0 98  0  0  0
 0  0      0 888944   9840 382940    0    0     0     0  151  126  1  0 100  0  0  0
