procs -----------memory---------- ---swap-- -----io---- -system-- -------cpu-------
 r  b   swpd   free   buff  cache   si   so    bi    bo   in   cs us sy id wa st gu
 4  0      0 848924   9924 390104    0    0   231   426 1663    5 23  3 73  1  0  0
 1  0      0 852052   9924 390104    0    0     0     0 3917 1836 61  7 32  0  0  0
 0  0      0 856736   9924 390104    0    0     0     0 3665 1847 30  8 62  0  0  0
 0  0      0 859540   9924 390104    0    0     0     0 3525 1944 16  9 75  0  0  0
 0  0      0 865936   9924 390104    0    0     0     0 3475 1895 20  9 70  0  0  0
 0  0      0 865460   9924 390104    0    0    12     0 3519 1879 14  9 75  2  0  0
 0  0      0 865964   9924 390116    0    0     0     0 3685 1874 24  9 67  0  0  0
 3  0      0 865724   9924 390116    0    0     0     0 3734 1870 33  8 58  0  0  0
 1  0      0 865724   9924 390116    0    0     0     0 3929 1789 59  6 34  0  0  0
 0  0      0 865752   9924 390116    0    0     0     0 3536 1807 19  8 73  0  0  0
 1  0      0 865916   9924 390116    0    0     0     0 3575 1925 14  8 77  0  0  0
 1  0      0 865836   9932 390116    0    0     0    60 3529 1992 14  9 76  0  0  0
 0  0      0 865924   9932 390116    0    0     0     0 3513 1897 13  8 79  0  0  0
 1  0      0 866680   9932 390116    0    0     0     0 3521 1881 13  9 77  0  0  0
 0  0      0 867408   9932 390116    0    0     0     0 3419 1871 14  9 78  0  0  0
 2  0      0 866468   9932 390116    0    0     0     0 3674 1907 32  8 60  0  0  0
 0  0      0 865976   9932 390116    0    0     0     0 3607 1818 20  7 73  0  0  0
 0  0      0 865976   9932 390116    0    0     0     0 3618 1872 13  9 78  0  0  0
 1  0      0 865976   9932 390116    0    0     0     0 3556 1925 13 10 77  0  0  0
 0  0      0 865976   9932 390116    0    0     0     0 3651 1925 34  7 59  0  0  0
 0  0      0 865976   9932 390116    0    0     0     0 3579 1854 14  9 76  0  0  0
 1  0      0 867320   9932 390116    0    0     0     0 3649 1894 15  9 76  0  0  0
 0  0      0 867148   9932 390116    0    0     0     0 3638 1875 15  9 76  0  0  0
 0  0      0 865384   9932 390116    0    0     0     0 3537 1877 15  9 76  0  1  0
 0  0      0 865384   9932 390116    0    0     0     0 3617 1864 12 10 78  0  0  0
 0  0      0 865384   9932 390116    0    0     0     0 3687 1961 13  9 78  0  0  0
 0  0      0 865384   9932 390116    0    0     0     0 3524 1942 14  9 77  0  0  0
 0  0      0 865888   9932 390116    0    0     0     0 3529 1866 13  9 78  0  0  0
 0  0      0 865888   9932 390116    0    0     0     0 3684 1879 13  8 78  0  0  0
 0  0      0 865744   9932 390116    0    0     0  2620 3613 1894 14  8 77  1  0  0
 3  0      0 866052   9932 390116    0    0     0     0 3698 1868 36  7 57  0  0  0
 1  0      0 866052   9932 390116    0    0     0     0 3523 2000 22  9 69  0  0  0
 1  0      0 865548   9932 390116    0    0     0     0 3645 1825 13  9 78  0  0  0
 1  0      0 865548   9932 390120    0    0     0     0 3915 2080 14  9 77  0  0  0
 1  0      0 865548   9932 390120    0    0     0     0 3685 1956 14  9 77  0  0  0
 1  0      0 865548   9932 390120    0    0     0     0 3605 1858 13  9 78  0  0  0
 0  0      0 865548   9932 390120    0    0     0     0 3606 1838 12 10 78  0  0  0
 0  0      0 865548   9932 390120    0    0     0     0 3540 1865 13  9 78  0  0  0
 0  0      0 865548   9932 390120    0    0     0     0 3608 1943 14  9 77  0  0  0
 0  0      0 865932   9932 390120    0    0     0     0 3618 1857 13  9 78  0  0  0
 0  0      0 864952   9932 390120    0    0     0     0 3526 1844 14  9 77  0  0  0
 1  0      0 864952   9932 390120    0    0     0    32 3466 1923 15  9 76  0  0  0
 0  0      0 864952   9940 390120    0    0     0    28 3519 1891 26  8 65  0  0  0
 0  0      0 864952   9940 390120    0    0     0     0 3602 1937 14  9 78  0  0  0
 0  0      0 864952   9940 390120    0    0     0     0 3650 1849 16  9 74  0  1  0
 0  0      0 864952   9940 390120    0    0     0     0 1538  828  7  4 89  0  0  0
 0  0      0 865204   9940 390120    0    0     0     0  202  166  0  0 99  0  0  0
 0  0      0 865204   9940 390120    0    0     0     0  177  163  0  0 100  0  0  0
 0  0      0 865204   9940 390120    0    0     0     0  186  218  0  0 100  0  0  0
 0  0      0 865204   9940 390120    0    0     0     0  192  166  1  0 100  0  0  0
