procs -----------memory---------- ---swap-- -----io---- -system-- -------cpu-------
 r  b   swpd   free   buff  cache   si   so    bi    bo   in   cs us sy id wa st gu
 1  0      0 376864   7712 291776    0    0   246   324 1059    2  3  2 94  1  0  0
 0  0      0 378428   7712 291776    0    0     0     0   55   37  0  0 100  0  0  0
 0  0      0 379732   7712 291776    0    0     0     0  420  221  0  0 100  0  0  0
 0  0      0 379732   7712 291776    0    0     0     0  717  239  1  1 98  0  0  0
 0  0      0 379760   7712 291776    0    0     0     0  800  342  1  1 98  0  0  0
 0  0      0 379668   7712 291776    0    0     0     0  767  265  1  1 98  0  0  0
 0  0      0 379668   7712 291776    0    0     0     0  740  242  1  1 98  0  0  0
 0  0      0 379668   7712 291776    0    0     0     0  703  247  1  0 99  0  0  0
 0  0      0 379668   7712 291776    0    0     0     0  669  242  1  1 98  0  0  0
 0  0      0 381436   7712 291776    0    0     0     0  791  430  1  1 97  0  1  0
 0  0      0 381684   7712 291772    0    0     0     0  689  245  1  1 99  0  0  0
 0  0      0 381684   7712 291772    0    0     0     0  682  238  1  1 98  0  0  0
 0  0      0 381684   7712 291772    0    0     0     0  712  273  1  0 99  0  0  0
 0  0      0 381684   7712 291772    0    0     0     0  684  238  1  1 98  0  0  0
 0  0      0 381684   7712 291772    0    0     0     0  684  243  1  1 98  0  0  0
 0  0      0 381684   7712 291772    0    0     0     0  687  226  1  1 98  0  0  0
 0  0      0 381684   7712 291772    0    0     0     0  691  238  2  1 98  0  0  0
 0  0      0 381684   7712 291772    0    0     0     0  688  244  1  1 98  0  0  0
 0  0      0 381684   7712 291772    0    0     0     0  682  233  1  1 98  0  1  0
 0  0      0 381684   7712 291772    0    0     0     0  698  241  1  1 99  0  0  0
 0  0      0 381684   7712 291772    0    0     0     0  566  223  1  1 99  0  0  0
 0  0      0 381684   7712 291772    0    0     0     0  575  240  1  1 98  0  0  0
 0  0      0 381684   7712 291772    0    0     0     0  615  259  1  0 99  0  0  0
 0  0      0 381684   7712 291772    0    0     0     0  587  247  1  1 98  0  0  0
 0  0      0 381684   7712 291772    0    0     0     0  573  244  1  0 99  0  0  0
 0  0      0 381560   7712 291772    0    0     0   500  636  275  1  2 98  1  0  0
 0  0      0 381560   7720 291764    0    0     0    56  617  258  1  1 98  1  0  0
 0  0      0 381560   7720 291772    0    0     0     0  588  238  1  0 99  0  0  0
 0  0      0 381560   7720 291772    0    0     0     0  575  241  1  1 98  0  0  0
 0  0      0 381560   7720 291772    0    0     0     0  595  235  1  1 98  0  0  0
 0  0      0 383240   7720 291764    0    0     0     0  661  388  2  1 98  0  0  0
 0  0      0 383240   7720 291764    0    0     0     0  618  250  1  1 99  0  0  0
 0  0      0 383240   7720 291764    0    0     0     0  610  260  1  1 98  0  0  0
 0  0      0 383240   7720 291764    0    0     0     0  545  236  1  0 99  0  0  0
 0  0      0 383144   7720 291764    0    0     0     0  572  240  0  1 99  0  0  0
 0  0      0 383144   7720 291764    0    0     0  1252  584  267  1  1 98  1  0  0
 0  0      0 383144   7720 291764    0    0     0     0  514  235  1  1 98  0  0  0
 0  0      0 383144   7720 291764    0    0     0     0  578  251  1  1 98  0  0  0
 0  0      0 383144   7720 291764    0    0     0     0  522  250  1  0 99  0  0  0
 0  0      0 383144   7720 291764    0    0     0     0  550  244  1  1 98  0  0  0
 0  0      0 383144   7720 291764    0    0     0     0  681  276  1  1 99  0  0  0
 0  0      0 383144   7720 291764    0    0     0     0  688  234  1  1 98  0  1  0
 0  0      0 383144   7720 291764    0    0     0     0  714  255  2  1 98  0  0  0
 0  0      0 383144   7720 291764    0    0     0     0  665  231  2  1 98  0  0  0
 0  0      0 383144   7720 291764    0    0     0     0  645  241  1  0 99  0  0  0
 0  0      0 383144   7720 291764    0    0     0     0  544  238  1  1 98  0  0  0
 0  0      0 383144   7720 291764    0    0     0     0  538  230  1  1 99  0  0  0
 1  0      0 383144   7720 291764    0    0     0     0  453  184  1  1 99  0  0  0
 0  0      0 383144   7720 291764    0    0     0     0   59   43  0  0 100  0  1  0
 0  0      0 383144   7720 291764    0    0     0     0   59   46  0  0 100  0  0  0
