procs -----------memory---------- ---swap-- -----io---- -system-- -------cpu-------
 r  b   swpd   free   buff  cache   si   so    bi    bo   in   cs us sy id wa st gu
 1  0      0 848388   9976 390288    0    0   219   407 1652    4 22  3 74  1  0  0
 0  0      0 849472   9976 390280    0    0     0     0 1154  857  4  3 93  0  0  0
 0  0      0 849472   9976 390280    0    0     0     0 3640 1890 15  9 76  0  0  0
 2  0      0 849472   9976 390280    0    0     0     0 3616 1941 36  7 56  0  0  0
 0  0      0 849472   9976 390280    0    0     0     0 3452 1831 15  9 75  0  0  0
 1  0      0 849248   9976 390280    0    0     0     0 3546 1917 16 10 74  0  0  0
 1  0      0 849248   9976 390280    0    0     0     0 3598 1820 19  9 71  0  0  0
 1  0      0 849248   9976 390280    0    0     0     0 3721 1841 37  8 55  0  0  0
 1  0      0 849248   9976 390280    0    0     0     0 3675 1855 14 10 75  0  0  0
 1  0      0 849248   9976 390280    0    0     0     0 3480 1850 14  9 76  0  0  0
 0  0      0 849248   9976 390280    0    0     0     0 3730 1877 36  7 57  0  0  0
 1  0      0 849248   9976 390280    0    0     0     0 3582 1866 14  9 77  0  0  0
 1  0      0 849248   9976 390280    0    0     0     0 3557 1919 14  9 77  0  0  0
 1  0      0 849248   9976 390280    0    0     0     0 3629 1841 14 10 76  0  0  0
 1  0      0 849752   9976 390280    0    0     0     0 3528 1877 16  8 76  0  0  0
 0  0      0 850864   9976 390280    0    0     0     0 3512 1855 14  9 76  0  0  0
 0  0      0 850864   9976 390280    0    0     0     0 3426 1841 13  9 77  0  0  0
 0  0      0 851368   9976 390280    0    0     0     0 3580 1907 31  8 60  0  0  0
 0  0      0 851632   9976 390280    0    0     0  2372 3458 1900 13  9 77  0  0  0
 0  0      0 852972   9976 390280    0    0     0     0 3642 1936 14 10 76  0  0  0
 0  0      0 852972   9976 390280    0    0     0     0 3546 1882 13  9 77  0  0  0
 0  0      0 853812   9976 390280    0    0     0     0 3427 1897 14 10 77  0  0  0
 3  0      0 853664   9976 390280    0    0     0     0 3541 1844 14  9 77  0  0  0
 0  0      0 853616   9976 390280    0    0     0     0 3425 1861 14  9 77  0  0  0
 0  0      0 853616   9976 390280    0    0     0     0 3673 1916 30  8 61  0  0  0
 0  0      0 853616   9984 390280    0    0     0    64 3549 1858 14  9 78  0  0  0
 0  0      0 853616   9984 390280    0    0     0     0 3464 1932 15  9 76  0  0  0
 1  0      0 853616   9984 390280    0    0     0     0 3531 1827 14  9 77  0  0  0
 0  0      0 853616   9984 390280    0    0     0     0 3506 1845 15  9 77  0  0  0
 0  0      0 853616   9984 390280    0    0     0     0 3629 1899 15  8 76  0  0  0
 1  0      0 853616   9984 390280    0    0     0     4 3636 1858 16 10 74  0  0  0
 2  0      0 853616   9984 390280    0    0     0     0 3601 1905 29  8 63  0  0  0
 0  0      0 853616   9984 390280    0    0     0     0 3487 1858 16  9 75  0  0  0
 0  0      0 853616   9984 390280    0    0     0   280 3473 1865 14 10 75  0  0  0
 0  0      0 853616   9984 390280    0    0     0     0 3568 1955 13  9 77  0  0  0
 0  0      0 853616   9984 390280    0    0     0     0 3762 2016 16  9 75  0  0  0
 0  0      0 853616   9984 390280    0    0     0     0 3554 1905 15  9 75  0  0  0
 0  0      0 853376   9984 390280    0    0     0     0 3413 1867 13  9 77  0  0  0
 1  0      0 853376   9984 390280    0    0     0     0 3582 1892 20  9 71  0  0  0
 0  0      0 853628   9984 390280    0    0     0     0 3626 1858 26  8 66  0  0  0
 0  0      0 853628   9984 390280    0    0     0     0 3380 1860 13  9 78  0  0  0
 0  0      0 853628   9984 390280    0    0     0     0 3547 1914 16  9 74  0  0  0
 1  0      0 853628   9984 390280    0    0     0     0 3409 1874 13  9 78  0  0  0
 0  0      0 853376   9984 390280    0    0     0     0 3600 1919 16  9 75  0  0  0
 1  0      0 853124   9984 390280    0    0     0     0 3536 1836 18  9 73  0  0  0
 0  0      0 853124   9984 390280    0    0     0     0 3592 1859 13  8 80  0  0  0
 0  0      0 853124   9984 390280    0    0     0     0 3173 1620 28  5 67  0  0  0
 0  0      0 853124   9984 390280    0    0     0     0  156  139  1  0 100  0  0  0
 0  0      0 853124   9984 390280    0    0     0     0  139  134  0  0 100  0  0  0
 0  0      0 853124   9984 390280    0    0     0     0  148  120  0  1 100  0  0  0
