procs -----------memory---------- ---swap-- -----io---- -system-- -------cpu-------
 r  b   swpd   free   buff  cache   si   so    bi    bo   in   cs us sy id wa st gu
 1  0      0 381892   7768 291904    0    0   227   302 1025    2  3  2 95  1  0  0
 0  0      0 381828   7768 291912    0    0     0     0  368  167  1  1 99  0  0  0
 1  0      0 381828   7776 291904    0    0     0  1284 1725  717  3  1 95  1  0  0
 0  0      0 381828   7776 291912    0    0     0     4 1731  648  3  2 96  0  0  0
 0  0      0 381828   7776 291912    0    0     0     0 1714  651  2  1 97  0  1  0
 0  0      0 381828   7776 291912    0    0     0     0 1653  634  2  2 96  0  0  0
 0  0      0 381828   7776 291912    0    0     0     0 1710  638  3  1 96  0  0  0
 0  0      0 381828   7776 291904    0    0     0   516 1849  843  3  2 95  1  0  0
 0  0      0 381828   7776 291904    0    0     0     0 1714  638  2  1 97  0  1  0
 0  0      0 381828   7776 291904    0    0     0     0 1738  643  3  2 96  0  0  0
 0  0      0 381828   7776 291904    0    0     0     0 1701  628  3  2 96  0  0  0
 0  0      0 381828   7776 291904    0    0     0     0 1648  647  2  2 96  0  0  0
 0  0      0 381828   7776 291904    0    0     0     0 1709  681  3  1 96  0  1  0
 0  0      0 381828   7776 291904    0    0     0     0 1677  642  2  2 96  0  0  0
 0  0      0 382780   7776 291904    0    0     0     0 1760  796  3  1 96  0  0  0
 0  0      0 382780   7776 291896    0    0     0     0 1780  653  2  2 96  0  1  0
 0  0      0 382780   7776 291896    0    0     0     0 1783  648  2  2 97  0  0  0
 0  0      0 382780   7776 291896    0    0     0     0 1737  647  3  1 97  0  0  0
 0  0      0 382780   7776 291896    0    0     0     0 1732  638  2  2 96  0  1  0
 0  0      0 382780   7776 291896    0    0     0     0 1757  651  2  2 96  0  0  0
 0  0      0 382780   7776 291888    0    0     0     0 1773  799  3  2 96  0  0  0
 0  0      0 382780   7776 291888    0    0     0     0 1687  646  3  2 95  0  1  0
 0  0      0 382780   7776 291888    0    0     0     0 1676  654  2  2 97  0  0  0
 0  0      0 382780   7776 291888    0    0     0     0 1707  651  2  1 97  0  0  0
 0  0      0 382780   7776 291888    0    0     0     0 1735  640  3  2 95  0  0  0
 0  0      0 382780   7776 291888    0    0     0     4 1720  635  2  2 96  0  1  0
 0  0      0 382780   7776 291880    0    0     0     0 1815  798  2  2 96  0  0  0
 0  0      0 382780   7776 291880    0    0     0     0 1758  653  3  2 96  0  0  0
 0  0      0 382780   7776 291880    0    0     0     0 1734  646  2  2 96  0  1  0
 0  0      0 382780   7776 291880    0    0     0     0 1729  643  2  1 97  0  0  0
 0  0      0 382780   7776 291880    0    0     0     0 1725  641  3  2 96  0  0  0
 0  0      0 382780   7776 291880    0    0     0     0 1699  649  2  1 97  0  0  0
 0  0      0 382780   7776 291880    0    0     0     0 1738  675  3  2 95  0  1  0
 0  0      0 382780   7784 291880    0    0     0    56 1709  645  2  1 97  0  0  0
 0  0      0 382780   7784 291880    0    0     0     0 1662  633  2  2 97  0  0  0
 0  0      0 382780   7784 291880    0    0     0     0 1683  640  3  1 96  0  0  0
 1  0      0 382780   7784 291880    0    0     0     0 1692  637  2  1 96  0  1  0
 0  0      0 382780   7784 291880    0    0     0     0 1732  655  2  2 96  0  0  0
 1  0      0 382812   7784 291880    0    0     0  1232 1771  655  3  2 95  1  0  0
 1  0      0 382812   7784 291880    0    0     0     0 1698  658  2  2 96  0  1  0
 0  0      0 382812   7784 291880    0    0     0     0 1652  634  2  2 96  0  0  0
 1  0      0 382812   7784 291880    0    0     0     0 1656  655  2  1 97  0  0  0
 0  0      0 382812   7800 291880    0    0     0   496 1755  725  3  2 95  1  0  0
 0  0      0 382812   7800 291880    0    0     0     0 1703  676  3  2 95  0  1  0
 0  0      0 382812   7800 291880    0    0     0     0 1727  727  2  2 96  0  0  0
 0  0      0 187512   7800 291880    0    0     0     0 2590 1034  3 26 71  0  0  0
 0  0      0 474084   1828 219696    0    0     0     0 2783 1876  4 27 69  0  1  0
 0  0      0 474084   1828 219696    0    0     0     0   58   54  0  0 100  0  0  0
 0  0      0 474084   1828 219696    0    0     0     0   49   40  0  0 100  0  0  0
 0  0      0 474084   1828 219696    0    0     0     0   65   66  0  0 100  0  0  0
