procs -----------memory---------- ---swap-- -----io---- -system-- -------cpu-------
 r  b   swpd   free   buff  cache   si   so    bi    bo   in   cs us sy id wa st gu
 1  0      0 388048   7728 291788    0    0   239   317 1042    2  3  2 95  1  0  0
 0  0      0 388048   7728 291788    0    0     0     0  928  364  2  2 97  0  0  0
 0  0      0 388048   7728 291788    0    0     0     0 1804  669  2  2 96  0  1  0
 0  0      0 386436   7728 291788    0    0     0     0 1805  683  2  2 96  0  0  0
 0  0      0 386436   7728 291780    0    0     0     0 1864  795  3  2 95  0  0  0
 0  0      0 386436   7728 291780    0    0     0  1260 1827  685  2  2 95  1  1  0
 0  0      0 386436   7736 291780    0    0     0    48 1802  663  3  1 96  1  0  0
 0  0      0 386436   7736 291780    0    0     0     0 1793  664  2  2 95  0  1  0
 0  0      0 386436   7736 291780    0    0     0     0 1782  640  3  2 95  0  0  0
 0  0      0 386436   7736 291780    0    0     0     0 1648  637  2  2 96  0  1  0
 0  0      0 389072   7736 291776    0    0     0     0 1784  824  3  3 95  0  0  0
 0  0      0 389072   7736 291776    0    0     0     0 1695  661  3  2 95  0  1  0
 0  0      0 389072   7736 291776    0    0     0     0 1671  648  2  2 96  0  0  0
 1  0      0 389072   7736 291776    0    0     0     0 1736  630  3  2 95  0  1  0
 1  0      0 389072   7736 291776    0    0     0     0 1783  643  3  1 95  0  1  0
 0  0      0 389072   7736 291776    0    0     0     0 1766  650  2  2 95  0  1  0
 0  0      0 389072   7736 291776    0    0     0     0 1619  632  3  2 94  0  1  0
 0  0      0 389072   7736 291776    0    0     0     0 1607  645  3  2 95  0  1  0
 0  0      0 389072   7736 291776    0    0     0     0 1619  645  3  2 95  0  1  0
 0  0      0 389072   7736 291776    0    0     0     0 1607  644  3  1 96  0  1  0
 0  0      0 389072   7736 291776    0    0     0     0 1656  665  3  2 95  0  1  0
 0  0      0 389072   7736 291776    0    0     0     0 1709  642  3  2 95  0  1  0
 0  0      0 389072   7736 291776    0    0     0     0 1723  655  3  2 94  0  1  0
 0  0      0 389072   7736 291776    0    0     0     0 1719  666  2  2 96  0  1  0
 0  0      0 389072   7736 291776    0    0     0     0 1649  643  3  2 94  0  1  0
 0  0      0 389072   7736 291776    0    0     0     4 1702  645  4  2 94  0  1  0
 0  0      0 389072   7736 291776    0    0     0     0 1730  646  3  2 93  0  2  0
 1  0      0 389072   7736 291776    0    0     0     0 1745  654  2  2 95  0  1  0
 1  0      0 389072   7736 291776    0    0     0     0 1759  649  3  3 94  0  1  0
 1  0      0 389072   7736 291776    0    0     0     0 1679  626  3  2 95  0  1  0
 0  0      0 389072   7736 291772    0    0     0   516 1814  828  3  3 93  1  2  0
 0  0      0 389072   7736 291772    0    0     0     0 1643  653  3  2 95  0  1  0
 0  0      0 389072   7736 291772    0    0     0     0 1669  643  4  2 93  0  2  0
 0  0      0 389072   7736 291772    0    0     0     0 1601  647  3  1 95  0  1  0
 0  0      0 389072   7736 291772    0    0     0     0 1576  684  3  3 94  0  1  0
 0  0      0 389072   7736 291772    0    0     0     0 1692  666  3  2 94  0  1  0
 0  0      0 389072   7744 291764    0    0     0    44 1745  649  3  2 94  0  1  0
 0  0      0 389072   7744 291772    0    0     0     0 1774  692  3  2 95  0  1  0
 0  0      0 389072   7744 291772    0    0     0     0 1753  659  2  2 96  0  1  0
 0  0      0 389072   7744 291772    0    0     0     0 1711  649  3  2 95  0  1  0
 0  0      0 389072   7744 291772    0    0     0     0 1658  685  3  1 96  0  1  0
 0  0      0 389072   7744 291772    0    0     0  1132 1746  691  3  2 92  1  1  0
 0  0      0 389072   7744 291772    0    0     0     0 1678  690  2  2 95  0  1  0
 0  0      0 389072   7744 291772    0    0     0     0 1760  671  3  2 95  0  1  0
 1  0      0 389072   7744 291772    0    0     0     0 1719  654  3  2 95  0  1  0
 0  0      0 389072   7744 291772    0    0     0     0 1739  684  3  2 94  0  1  0
 0  0      0 389072   7744 291772    0    0     0     0  905  361  2  1 97  0  1  0
 0  0      0 389072   7744 291772    0    0     0     0   81   68  0  0 100  0  0  0
 0  0      0 389072   7744 291772    0    0     0     0   65   50  0  0 100  0  0  0
 0  0      0 389072   7744 291772    0    0     0     0   41   30  0  0 100  0  0  0
