procs -----------memory---------- ---swap-- -----io---- -system-- -------cpu-------
 r  b   swpd   free   buff  cache   si   so    bi    bo   in   cs us sy id wa st gu
 1  0      0 385300   7752 291796    0    0   233   309 1041    2  3  2 95  1  0  0
 0  0      0 385300   7752 291788    0    0     0     0 1561  694  4  3 94  0  0  0
 0  0      0 385300   7752 291788    0    0     0     0  758  278  2  1 98  0  1  0
 0  0      0 385300   7752 291788    0    0     0     0  730  262  1  1 98  0  1  0
 0  0      0 385300   7752 291788    0    0     0     0  718  253  2  1 98  0  0  0
 0  0      0 385300   7752 291788    0    0     0     0  720  254  1  1 97  0  0  0
 0  0      0 385300   7752 291788    0    0     0     0  717  248  1  1 97  0  1  0
 0  0      0 387424   7752 291780    0    0     0  1264  866  478  2  1 96  2  0  0
 0  0      0 387424   7752 291780    0    0     0     0  683  273  1  1 98  0  1  0
 1  0      0 387424   7752 291780    0    0     0     0  696  277  2  0 98  0  0  0
 0  0      0 387424   7752 291780    0    0     0     0  741  354  2  1 98  0  0  0
 1  0      0 387424   7752 291780    0    0     0     0  679  265  1  1 97  0  0  0
 0  0      0 387424   7752 291780    0    0     0     0  682  267  1  1 99  0  0  0
 0  0      0 387424   7752 291780    0    0     0     0  720  260  2  1 98  0  0  0
 0  0      0 387424   7752 291780    0    0     0     0  697  246  1  1 98  0  0  0
 0  0      0 387424   7752 291780    0    0     0     0  748  279  1  0 99  0  0  0
 0  0      0 387424   7752 291780    0    0     0     0  702  240  1  1 97  0  0  0
 0  0      0 387424   7752 291780    0    0     0    12  794  352  2  1 98  0  0  0
 0  0      0 387424   7752 291780    0    0     0     0  763  274  1  1 98  0  0  0
 0  0      0 387424   7752 291780    0    0     0     0  771  260  2  1 98  0  1  0
 0  0      0 387424   7752 291780    0    0     0     0  744  260  1  1 98  0  1  0
 0  0      0 387424   7752 291780    0    0     0     0  686  261  1  1 98  0  0  0
 0  0      0 387424   7752 291780    0    0     0     0  754  283  2  1 98  0  1  0
 0  0      0 387424   7752 291780    0    0     0     0  743  254  2  1 98  0  0  0
 0  0      0 387424   7760 291772    0    0     0    44  723  258  1  1 97  1  1  0
 0  0      0 387424   7760 291780    0    0     0     4  695  268  1  1 98  0  0  0
 0  0      0 387424   7760 291780    0    0     0     0  696  248  1  1 98  0  0  0
 0  0      0 387424   7760 291780    0    0     0   548  723  279  1  1 98  0  0  0
 0  0      0 387424   7760 291780    0    0     0     0  669  242  1  1 98  0  1  0
 0  0      0 387424   7760 291780    0    0     0     0  709  259  1  1 98  0  0  0
 0  0      0 387424   7760 291780    0    0     0     0  716  269  1  1 97  0  1  0
 0  0      0 387424   7760 291780    0    0     0     0  690  252  1  0 99  0  0  0
 0  0      0 387424   7760 291780    0    0     0     0  690  261  1  1 98  0  0  0
 0  0      0 387424   7760 291780    0    0     0     0  691  270  1  1 97  0  0  0
 0  0      0 387424   7760 291780    0    0     0     0  680  242  2  0 98  0  1  0
 0  0      0 387424   7760 291780    0    0     0     0  678  251  1  1 97  0  1  0
 0  0      0 387424   7760 291780    0    0     0     0  671  243  1  1 97  0  0  0
 0  0      0 387424   7760 291780    0    0     0  1072  762  287  2  0 96  2  1  0
 0  0      0 387424   7760 291780    0    0     0     0  752  280  1  1 97  0  0  0
 0  0      0 387424   7760 291780    0    0     0     0  691  263  1  0 98  0  1  0
 0  0      0 387424   7760 291780    0    0     0     0  691  255  1  1 98  0  0  0
 0  0      0 387424   7760 291780    0    0     0     0  688  255  1  1 98  0  1  0
 0  0      0 387424   7760 291780    0    0     0     0  945  377  2  1 97  0  1  0
 0  0      0 387424   7760 291780    0    0     0     0  683  252  1  1 98  0  1  0
 0  0      0 387424   7760 291780    0    0     0     0  703  252  1  1 98  0  1  0
 0  0      0 387424   7760 291780    0    0     0     0  438  171  0  1 99  0  0  0
 0  0      0 387424   7760 291780    0    0     0     0   44   30  0  0 100  0  0  0
 0  0      0 387424   7760 291780    0    0     0     0   55   43  0  0 100  0  0  0
 0  0      0 387424   7760 291780    0    0     0     0   46   38  0  0 100  0  0  0
 0  0      0 387424   7760 291780    0    0     0     0   49   36  0  0 100  0  0  0
