procs -----------memory---------- ---swap-- -----io---- -system-- -------cpu-------
 r  b   swpd   free   buff  cache   si   so    bi    bo   in   cs us sy id wa st gu
 2  0      0 429580   2412 240260    0    0   222   289 1020    2  3  1 95  1  0  0
 0  0      0 429492   2412 240268    0    0     0     0 3503 1657  6  3 91  0  1  0
 0  0      0 429492   2412 240268    0    0     0     0 3880 1982  7  4 89  0  1  0
 1  0      0 429492   2412 240268    0    0     0     0 3753 1800  7  3 89  0  1  0
 0  0      0 429492   2412 240268    0    0     0  1052 3721 1813  8  4 88  1  0  0
 0  0      0 429492   2412 240268    0    0     0     4 3676 1782  7  4 89  0  1  0
 0  0      0 429492   2412 240268    0    0     0     0 3600 1770  6  4 90  0  1  0
 0  0      0 429492   2412 240268    0    0     0     0 3757 1764  7  3 90  0  1  0
 0  0      0 429492   2412 240268    0    0     0     0 3581 1776  6  3 91  0  0  0
 0  0      0 429492   2412 240268    0    0     0     0 3440 1755  6  3 91  0  1  0
 0  0      0 429492   2412 240268    0    0     0     0 3629 1783  6  5 89  0  1  0
 0  0      0 429492   2412 240268    0    0     0     0 3722 1762  7  3 90  0  0  0
 0  0      0 429492   2412 240268    0    0     0     0 3596 1760  6  3 90  0  1  0
 0  0      0 429492   2412 240268    0    0     0     0 3611 1751  6  4 90  0  0  0
 0  0      0 429492   2412 240268    0    0     0     0 3675 1755  7  3 89  0  1  0
 1  0      0 429492   2412 240268    0    0     0     0 3736 1773  6  3 91  0  1  0
 0  0      0 429492   2412 240268    0    0     0     0 3835 1752  6  3 91  0  0  0
 1  0      0 429492   2412 240268    0    0     0     0 3960 1765  7  3 89  0  0  0
 1  0      0 429492   2412 240268    0    0     0     0 3925 1785  6  3 91  0  1  0
 0  0      0 429492   2412 240268    0    0     0     0 3810 1748  7  3 90  0  0  0
 0  0      0 429492   2412 240268    0    0     0     0 3691 1774  6  4 90  0  1  0
 0  0      0 429492   2412 240268    0    0     0     0 3627 1765  7  2 91  0  0  0
 0  0      0 429492   2412 240268    0    0     0     0 3677 1775  7  3 90  0  1  0
 0  0      0 429492   2412 240268    0    0     0     0 3608 1790  7  4 89  0  1  0
 0  0      0 429492   2412 240268    0    0     0     0 3822 1759  6  3 91  0  0  0
 0  0      0 429492   2420 240260    0    0     0    44 3869 1773  6  3 90  1  1  0
 0  0      0 429492   2420 240268    0    0     0     0 3580 1770  6  3 91  0  0  0
 0  0      0 429492   2420 240268    0    0     0     0 3739 1781  6  4 90  0  1  0
 1  0      0 429492   2420 240268    0    0     0     0 3701 1758  7  3 90  0  1  0
 0  0      0 429492   2420 240268    0    0     0     0 3458 1775  6  4 90  0  0  0
 1  0      0 429492   2420 240268    0    0     0     0 3606 1780  7  3 90  0  1  0
 1  0      0 429492   2420 240268    0    0     0     0 3693 1756  7  3 90  0  0  0
 0  0      0 429492   2420 240268    0    0     0     0 3497 1778  7  3 89  0  1  0
 1  0      0 429492   2420 240268    0    0     0     0 3540 1755  6  3 91  0  0  0
 1  0      0 429492   2420 240268    0    0     0     0 3579 1773  6  4 90  0  1  0
 0  0      0 429492   2420 240268    0    0     0     0 3669 1770  8  3 89  0  1  0
 0  0      0 429492   2420 240268    0    0     0     0 3629 1756  6  4 90  0  0  0
 0  0      0 429492   2420 240268    0    0     0     0 3554 1773  7  3 90  0  1  0
 0  0      0 429492   2420 240268    0    0     0     0 3788 1782  7  3 91  0  0  0
 0  0      0 429492   2420 240268    0    0     0     0 3638 1767  7  3 90  0  1  0
 0  0      0 429492   2420 240268    0    0     0     0 3771 1759  7  3 90  0  1  0
 1  0      0 429492   2420 240268    0    0     0     0 3829 1754  7  4 89  0  1  0
 0  0      0 429492   2420 240268    0    0     0     0 3640 1777  7  3 90  0  0  0
 0  0      0 429492   2420 240268    0    0     0     0 3675 1784  7  4 89  0  1  0
 0  0      0 429492   2420 240268    0    0     0     0 3384 1760  6  3 92  0  0  0
 0  0      0 429492   2420 240268    0    0     0     0 2036 1033  4  2 94  0  0  0
 0  0      0 429492   2420 240268    0    0     0     0   54   43  0  0 100  0  0  0
 0  0      0 429492   2420 240268    0    0     0     0   63   47  0  0 100  0  0  0
 0  0      0 429492   2420 240268    0    0     0     0   66   58  0  0 100  0  0  0
 0  0      0 429492   2420 240268    0    0     0     0   34   28  0  0 100  0  0  0
