procs -----------memory---------- ---swap-- -----io---- -system-- -------cpu-------
 r  b   swpd   free   buff  cache   si   so    bi    bo   in   cs us sy id wa st gu
 4  0      0 843104  10032 390292    0    0   208   390 1655    4 21  3 75  1  0  0
 6  0      0 842852  10032 390300    0    0     0     0 5326 3276 39 10 50  0  0  0
 3  0      0 842824  10032 390300    0    0     0     0 4960 2845 68  7 24  0  2  0
 1  0      0 843132  10032 390300    0    0     0     0 5125 2865 76  7 16  0  1  0
 1  0      0 843256  10032 390300    0    0     0     0 5185 3030 39  7 53  0  0  0
 1  0      0 844096  10032 390300    0    0     0     0 5228 2894 38  8 52  0  2  0
 1  0      0 844164  10032 390300    0    0     0     0 5096 2945 53  7 39  0  0  0
 1  0      0 844164  10032 390300    0    0     0     0 5131 2982 42  7 50  0  0  0
 2  0      0 844164  10032 390300    0    0     0     0 5170 2932 39  7 54  0  0  0
 1  0      0 844164  10032 390300    0    0     0     0 5136 2971 37  8 55  0  1  0
 4  0      0 844164  10032 390300    0    0     0    16 5084 2932 58  7 34  0  0  0
 1  0      0 844164  10032 390300    0    0     0     0 5219 2860 38  6 55  0  0  0
 1  0      0 844164  10040 390292    0    0     0    48 5177 2907 37  6 56  0  0  0
 1  0      0 844416  10040 390300    0    0     0     0 5164 2959 37  8 55  0  0  0
 9  0      0 844512  10040 390300    0    0     0     0 5129 2874 36  7 55  0  1  0
 2  0      0 844796  10040 390300    0    0     0     0 5150 2836 48  6 45  0  0  0
 1  0      0 844796  10040 390300    0    0     0     0 5244 2866 41  6 52  0  0  0
 0  0      0 846072  10040 390300    0    0     0     0 5204 2945 34  7 58  0  1  0
 0  0      0 845832  10040 390300    0    0     0     0 5178 2869 31  6 62  0  0  0
 0  0      0 846244  10040 390300    0    0     0     0 5151 2900 50  6 44  0  0  0
 0  0      0 846276  10040 390300    0    0     0     0 5212 2934 34  6 59  0  0  0
 0  0      0 846276  10040 390300    0    0     0     0 5149 2891 30  7 63  0  0  0
 1  0      0 846276  10040 390300    0    0     0     0 5160 2888 31  7 61  0  0  0
 2  0      0 846276  10040 390300    0    0     0     0 5251 2931 47  7 46  0  0  0
 2  0      0 846528  10040 390300    0    0     0     0 5183 2838 40  7 52  0  1  0
 2  0      0 846528  10040 390300    0    0     0     0 5220 2967 30  8 61  0  0  0
 1  0      0 846528  10040 390300    0    0     0     0 5124 2972 40  7 53  0  0  0
 4  0      0 846528  10040 390300    0    0     0     0 5169 2887 63  6 30  0  0  0
 1  0      0 846528  10040 390300    0    0     0     0 4992 2922 60  7 33  0  0  0
 1  0      0 846528  10040 390300    0    0     0     0 5245 2891 30  7 62  0  0  0
 0  0      0 846528  10040 390300    0    0     0     0 5139 2920 29  8 63  0  0  0
 0  0      0 846528  10040 390300    0    0     0  2144 5245 2984 29  6 65  0  0  0
 1  0      0 846528  10040 390300    0    0     0     0 5101 2937 48  7 44  0  1  0
 0  0      0 846528  10040 390300    0    0     0     0 5181 2966 29  7 63  0  0  0
 1  0      0 846528  10040 390300    0    0     0     0 5335 3061 56  8 35  0  0  0
 1  0      0 846528  10040 390300    0    0     0     0 5335 2946 51  7 42  0  0  0
 1  0      0 846528  10040 390300    0    0     0     0 5256 2962 36  7 56  0  0  0
 0  0      0 846528  10040 390300    0    0     0     0 5071 2954 35  8 57  0  0  0
 1  0      0 846336  10040 390300    0    0     0     0 5121 2930 28  7 65  0  0  0
 0  0      0 846304  10040 390300    0    0     0     0 5086 2935 29  7 63  0  0  0
 1  0      0 846304  10040 390300    0    0     0     0 5200 2854 33  7 59  0  0  0
 1  0      0 846112  10040 390300    0    0     0    16 4975 2909 71  6 23  0  0  0
 1  0      0 846064  10040 390300    0    0     0    36 5165 2986 32  7 60  0  0  0
 0  0      0 846064  10040 390300    0    0     0     0 5113 2891 29  6 65  0  0  0
 1  0      0 846064  10040 390300    0    0     0     0 5191 2956 28  7 64  0  0  0
 0  0      0 846064  10040 390300    0    0     0     0 4999 2831 40  5 54  0  0  0
 0  0      0 846064  10040 390300    0    0     0     0  161  128  0  0 100  0  0  0
 0  0      0 846064  10040 390300    0    0     0     0  124  108  1  0 100  0  0  0
 0  0      0 846064  10040 390300    0    0     0     0  148  125  0  0 100  0  0  0
 0  0      0 846064  10040 390300    0    0     0     0  132  118  0  0 100  0  0  0
