procs -----------memory---------- ---swap-- -----io---- -system-- -------cpu-------
 r  b   swpd   free   buff  cache   si   so    bi    bo   in   cs us sy id wa st gu
 1  0      0 839556  10016 390280    0    0   213   398 1661    4 22  3 74  1  0  0
 1  0      0 841308  10016 390280    0    0     0    16 3042 1423 54  5 35  0  5  0
 5  0      0 843564  10016 390280    0    0     0     0 2921 1267 58  4 34  0  3  0
 0  0      0 845204  10016 390280    0    0     0     0 2772 1289 44  4 49  0  2  0
 0  0      0 845520  10016 390280    0    0     0     0 2524 1213 25  5 65  0  5  0
 0  0      0 845584  10016 390280    0    0     0     0 2619 1220 31  4 63  0  1  0
 0  0      0 845584  10016 390280    0    0     0     0 2605 1144 28  5 65  0  4  0
 0  0      0 845332  10016 390280    0    0     0     0 2484 1242 20  5 73  0  2  0
 0  0      0 846240  10016 390280    0    0     0     0 2489 1203 27  4 66  0  3  0
 0  0      0 846000  10016 390280    0    0     0     0 2373 1175 16  4 79  0  1  0
 0  0      0 846000  10016 390280    0    0     0     0 2545 1163 24  4 70  0  2  0
 1  0      0 845748  10016 390280    0    0     0     0 2610 1263 24  5 68  0  2  0
 0  0      0 845748  10016 390280    0    0     0     0 2432 1238 34  4 59  0  2  0
 1  0      0 845748  10016 390280    0    0     0     0 2321 1122 14  4 80  0  1  0
 1  0      0 845748  10016 390280    0    0     0     0 2225 1148 15  5 79  0  0  0
 2  0      0 845748  10016 390280    0    0     0     0 2373 1201 14  4 80  0  1  0
 1  0      0 845748  10016 390280    0    0     0     0 2389 1181 19  5 75  0  0  0
 1  0      0 845748  10016 390280    0    0     0     0 2460 1137 21  5 73  0  1  0
 1  0      0 845748  10016 390280    0    0     0     0 2378 1207 20  5 74  0  1  0
 1  0      0 845748  10016 390280    0    0     0     0 2380 1266 20  5 75  0  0  0
 0  0      0 845748  10016 390280    0    0     0     0 2270 1139 16  4 79  0  0  0
 1  0      0 845748  10016 390280    0    0     0     0 2297 1187 17  4 77  0  2  0
 1  0      0 845748  10016 390280    0    0     0     0 2307 1207 16  4 77  0  2  0
 1  0      0 845748  10016 390280    0    0     0     0 2457 1303 19  5 74  0  1  0
 0  0      0 845748  10016 390280    0    0     0     0 2837 1324 50  4 39  0  7  0
 1  0      0 845748  10016 390280    0    0     0     0 2493 1150 15  6 75  0  5  0
 1  0      0 845508  10016 390280    0    0     0     0 2476 1231 18  5 74  0  3  0
 1  0      0 845508  10016 390280    0    0     0     4 2515 1273 16  5 75  0  3  0
 2  0      0 845508  10016 390280    0    0     0     0 2491 1190 21  5 68  0  5  0
 1  0      0 845968  10016 390280    0    0     0     0 2693 1141 30  5 60  0  5  0
 2  0      0 845968  10024 390280    0    0     0  2196 2512 1223 20  5 73  0  2  0
 3  0      0 845776  10024 390280    0    0     0     0 2625 1197 36  6 55  0  4  0
 0  0      0 845728  10024 390280    0    0     0    16 2531 1179 21  4 73  0  2  0
 2  0      0 845476  10024 390284    0    0     0     0 2450 1194 16  5 77  0  1  0
 0  0      0 845476  10024 390284    0    0     0     0 2284 1149 15  5 76  0  4  0
 1  0      0 845476  10024 390284    0    0     0     0 2288 1137 14  5 79  0  2  0
 1  0      0 845476  10024 390284    0    0     0     0 2792 1247 40  4 50  0  5  0
 1  0      0 845476  10024 390284    0    0     0     0 2283 1132 14  4 80  0  1  0
 0  0      0 845476  10024 390284    0    0     0     0 2369 1118 19  4 75  0  2  0
 0  0      0 845476  10024 390284    0    0     0     0 2390 1113 15  4 80  0  1  0
 0  0      0 845476  10024 390284    0    0     0     0 2401 1146 14  5 80  0  1  0
 0  0      0 845824  10024 390284    0    0     0     0 2420 1154 14  4 79  0  2  0
 0  0      0 845824  10024 390284    0    0     0     0 2417 1155 18  5 75  0  2  0
 0  0      0 845824  10024 390284    0    0     0     0 2424 1199 13  5 80  0  2  0
 1  0      0 845876  10024 390284    0    0     0     0 2886 1115 55  4 40  0  1  0
 0  0      0 847112  10024 390284    0    0     0     0 1835  797 32  3 63  0  2  0
 0  0      0 847112  10024 390284    0    0     0     0  192  147  1  0 100  0  0  0
 0  0      0 847112  10024 390284    0    0     0     0  144  122  0  1 99  0  0  0
 0  0      0 847112  10024 390284    0    0     0     0  138  121  0  0 100  0  0  0
 0  0      0 847112  10024 390284    0    0     0     0  134  108  0  1 100  0  0  0
