procs -----------memory---------- ---swap-- -----io---- -system-- -------cpu-------
 r  b   swpd   free   buff  cache   si   so    bi    bo   in   cs us sy id wa st gu
 1  0      0 443900   2396 240180    0    0   228   296 1025    2  3  2 95  1  0  0
 0  0      0 443772   2396 240244    0    0     0     0  765  392  2  0 98  0  0  0
 0  0      0 443772   2396 240244    0    0     0    12 1316  651  3  2 96  0  0  0
 0  0      0 443580   2396 240244    0    0     0     0 1279  629  2  1 97  0  0  0
 0  0      0 443484   2404 240236    0    0     0   348 1305  660  3  1 95  0  0  0
 0  0      0 443484   2404 240244    0    0     0     0 1295  622  3  1 96  0  0  0
 0  0      0 443484   2404 240244    0    0     0     0 1284  628  4  1 96  0  0  0
 0  0      0 443292   2404 240244    0    0     0     0 1297  650  2  2 96  0  1  0
 0  0      0 443292   2404 240244    0    0     0     0 1304  626  3  1 96  0  0  0
 0  0      0 443292   2404 240244    0    0     0     0 1313  619  2  2 96  0  0  0
 0  0      0 443196   2404 240244    0    0     0     0 1335  634  3  1 96  0  0  0
 0  0      0 443004   2404 240244    0    0     0     0 1356  637  2  1 97  0  1  0
 0  0      0 442812   2404 240244    0    0     0     0 1351  613  2  1 97  0  0  0
 0  0      0 442812   2404 240244    0    0     0     0 1504  651  3  2 96  0  0  0
 1  0      0 442812   2404 240244    0    0     0     0 1488  634  3  1 96  0  1  0
 0  0      0 442716   2404 240244    0    0     0     0 1448  635  2  1 97  0  0  0
 0  0      0 442716   2404 240244    0    0     0     0 1470  623  3  1 96  0  0  0
 0  0      0 442716   2404 240244    0    0     0     0 1472  636  3  1 96  0  1  0
 0  0      0 442716   2404 240244    0    0     0     0 1429  657  3  1 96  0  0  0
 0  0      0 442620   2404 240244    0    0     0     0 1382  625  3  1 96  0  0  0
 0  0      0 442620   2404 240244    0    0     0     0 1371  623  2  1 97  0  1  0
 0  0      0 442620   2404 240244    0    0     0     0 1392  624  2  2 96  0  0  0
 0  0      0 442524   2404 240244    0    0     0     0 1403  683  3  1 96  0  0  0
 0  0      0 442524   2404 240244    0    0     0     0 1391  611  3  1 97  0  0  0
 0  0      0 442428   2404 240244    0    0     0     0 1357  656  3  1 96  0  0  0
 0  0      0 442428   2404 240244    0    0     0   628 1466  643  3  1 95  1  1  0
 2  0      0 442428   2404 240244    0    0     0     0 1503  717  3  1 96  0  0  0
 0  0      0 442428   2404 240244    0    0     0     0 1465  648  3  1 96  0  0  0
 0  0      0 442428   2404 240244    0    0     0     0 1483  626  3  2 95  0  1  0
 0  0      0 442428   2404 240244    0    0     0     0 1445  619  2  2 96  0  1  0
 0  0      0 442428   2404 240244    0    0     0     0 1419  655  4  1 96  0  0  0
 0  0      0 442332   2404 240244    0    0     0     0 1378  650  2  1 97  0  0  0
 0  0      0 442332   2404 240244    0    0     0     4 1375  638  2  1 97  0  0  0
 0  0      0 442332   2404 240244    0    0     0     0 1373  618  3  1 96  0  1  0
 0  0      0 442236   2404 240244    0    0     0     0 1382  634  2  1 97  0  0  0
 0  0      0 442236   2404 240244    0    0     0    40 1419  624  3  2 96  0  0  0
 0  0      0 442236   2404 240244    0    0     0     0 1417  629  2  2 96  0  1  0
 0  0      0 442236   2404 240244    0    0     0     0 1377  610  2  1 97  0  0  0
 0  0      0 442236   2404 240244    0    0     0     0 1351  625  3  1 96  0  0  0
 0  0      0 442236   2404 240244    0    0     0     0 1342  630  3  1 96  0  1  0
 0  0      0 442236   2404 240244    0    0     0     0 1374  641  3  2 96  0  0  0
 0  0      0 442236   2404 240244    0    0     0     0 1369  628  3  2 95  0  0  0
 0  0      0 442236   2404 240244    0    0     0     0 1383  648  3  1 96  0  1  0
 0  0      0 442236   2404 240244    0    0     0     0 1401  611  2  1 97  0  0  0
 0  0      0 442236   2404 240244    0    0     0     0 1420  628  3  1 96  0  1  0
 0  0      0 442236   2404 240244    0    0     0     0 1410  630  3  2 96  0  0  0
 0  0      0 442236   2404 240244    0    0     0     0  666  302  1  1 98  0  0  0
 0  0      0 442236   2404 240244    0    0     0     0   91   57  0  0 99  0  0  0
 0  0      0 442236   2404 240244    0    0     0     0   61   38  0  0 100  0  0  0
 0  0      0 442236   2404 240244    0    0     0     0   56   40  0  0 100  0  0  0
