procs -----------memory---------- ---swap-- -----io---- -system-- -------cpu-------
 r  b   swpd   free   buff  cache   si   so    bi    bo   in   cs us sy id wa st gu
 1  0      0 357988  10532 322660    0    0   427   568  996    2  3  2 93  2  0  0
 0  0      0 357900  10532 322668    0    0     0     0   74   52  0  0 100  0  0  0
 0  0      0 357900  10532 322668    0    0     0     0 1665  638  4  1 95  0  0  0
 0  0      0 357900  10532 322668    0    0     0     0  745  263  1  1 97  0  0  0
 0  0      0 357900  10540 322660    0    0     0  1396  730  301  1  1 97  2  0  0
 0  0      0 357900  10540 322668    0    0     0     0  685  248  1  1 98  0  0  0
 0  0      0 357900  10540 322668    0    0     0     0  650  248  1  1 99  0  0  0
 0  0      0 357900  10540 322668    0    0     0     0  652  233  1  1 98  0  0  0
 0  0      0 357900  10540 322668    0    0     0     0  648  242  1  0 98  0  0  0
 0  0      0 357900  10540 322668    0    0     0     0  652  237  1  1 98  0  0  0
 0  0      0 357900  10540 322668    0    0     0     0  691  265  1  1 98  0  0  0
 0  0      0 357900  10540 322668    0    0     0     0  651  238  1  1 98  0  1  0
 0  0      0 357900  10540 322668    0    0     0     0  681  254  1  1 98  0  0  0
 0  0      0 357900  10540 322668    0    0     0     0  660  251  1  1 98  0  0  0
 0  0      0 357900  10540 322668    0    0     0     0  636  224  1  1 98  0  0  0
 0  0      0 357900  10540 322668    0    0     0     0  659  247  1  1 98  0  0  0
 0  0      0 357900  10540 322668    0    0     0     0  638  240  1  1 98  0  0  0
 0  0      0 357900  10540 322668    0    0     0     0  637  243  1  1 98  0  0  0
 0  0      0 357900  10540 322668    0    0     0     0  679  277  1  1 97  0  1  0
 0  0      0 357900  10540 322668    0    0     0     0  670  252  1  1 98  0  0  0
 0  0      0 357900  10540 322668    0    0     0     0  649  228  1  1 98  0  0  0
 1  0      0 357900  10540 322668    0    0     0     0  722  354  1  1 98  0  0  0
 0  0      0 357900  10540 322668    0    0     0     0  657  248  1  0 99  0  0  0
 0  0      0 357900  10540 322668    0    0     0     0  683  321  1  1 98  0  0  0
 0  0      0 357804  10540 322668    0    0     0     0  632  225  1  0 99  0  0  0
 1  0      0 357804  10540 322668    0    0     0     0  659  242  1  1 98  0  0  0
 0  0      0 357804  10540 322668    0    0     0     0  683  255  1  1 98  0  0  0
 0  0      0 357804  10540 322668    0    0     0     0  656  233  1  1 98  0  0  0
 0  0      0 357804  10540 322668    0    0     0     0  682  247  2  1 98  0  0  0
 0  0      0 357804  10540 322668    0    0     0     0  688  242  1  1 99  0  0  0
 1  0      0 357804  10540 322668    0    0     0     0  732  257  2  1 97  0  0  0
 0  0      0 357804  10540 322668    0    0     0     0  743  275  1  1 98  0  0  0
 0  0      0 357804  10540 322668    0    0     0     0  678  234  1  1 98  0  1  0
 0  0      0 357804  10540 322668    0    0     0     0  692  248  1  1 98  0  0  0
 0  0      0 357804  10540 322668    0    0     0     0  653  227  1  1 98  0  0  0
 0  0      0 357804  10548 322660    0    0     0    44  699  255  1  1 98  0  0  0
 0  0      0 357804  10548 322668    0    0     0     0  664  244  1  0 99  0  0  0
 0  0      0 357804  10548 322668    0    0     0     0  696  241  1  1 98  0  0  0
 0  0      0 357804  10548 322668    0    0     0     0  664  234  1  1 98  0  0  0
 0  0      0 357804  10548 322668    0    0     0     0  642  229  1  1 98  0  0  0
 0  0      0 357804  10548 322668    0    0     0     0  715  237  1  1 98  0  1  0
 0  0      0 357804  10548 322668    0    0     0     0  918  355  1  1 98  0  0  0
 0  0      0 357804  10548 322668    0    0     0     0  694  238  1  1 98  0  0  0
 0  0      0 357804  10548 322668    0    0     0     0  711  242  2  1 98  0  0  0
 0  0      0 357804  10548 322668    0    0     0     0  693  229  1  1 98  0  0  0
 0  0      0 357804  10548 322668    0    0     0     0  699  254  1  1 98  0  0  0
 0  0      0 357804  10548 322668    0    0     0     0  675  244  1  1 98  0  0  0
 0  0      0 357804  10548 322668    0    0     0     0   63   36  0  0 100  0  0  0
 0  0      0 357804  10548 322668    0    0     0     0   51   42  0  0 100  0  0  0
 0  0      0 357804  10548 322668    0    0     0     0   47   38  0  0 100  0  0  0
