procs -----------memory---------- ---swap-- -----io---- -system-- -------cpu-------
 r  b   swpd   free   buff  cache   si   so    bi    bo   in   cs us sy id wa st gu
 1  0      0 369540  23208 820136    0    0   292   730 1522    4 20  3 76  1  0  0
 0  0      0 371656  23208 820136    0    0     0     0 2142 1170  8  5 87  0  0  0
 1  0      0 373504  23208 820136    0    0     0     0 3656 1872 27  8 64  0  0  0
 0  0      0 373660  23208 820136    0    0     0     0 3531 1821 17  9 74  0  0  0
 0  0      0 373660  23208 820136    0    0     0     0 3525 1841 14  9 77  0  0  0
 0  0      0 373660  23216 820136    0    0     0    44 3577 1947 16 10 75  0  0  0
 0  0      0 373660  23216 820136    0    0     0     0 3492 1847 14  9 77  0  0  0
 0  0      0 373408  23216 820136    0    0     0     0 3646 1855 21  9 70  0  0  0
 0  0      0 373408  23216 820136    0    0     0     0 3566 1855 14 10 76  0  0  0
 0  0      0 373408  23216 820136    0    0     0     0 3715 2024 32  7 61  0  0  0
 0  0      0 374760  23216 820136    0    0     0     0 3591 1859 13 10 76  0  0  0
 0  0      0 374508  23216 820136    0    0     0     0 3571 1890 15  9 75  0  0  0
 1  0      0 374508  23216 820136    0    0     0     0 3581 1907 14  9 78  0  0  0
 2  0      0 374652  23216 820136    0    0     0     0 3523 1814 19  9 71  0  0  0
 0  0      0 374652  23216 820136    0    0     0     0 3614 1884 14  9 76  0  0  0
 0  0      0 374652  23216 820136    0    0     0     0 3580 1865 12  9 79  0  0  0
 1  0      0 374652  23216 820136    0    0     0     0 3559 1905 16  9 74  0  0  0
 1  0      0 374652  23216 820136    0    0     0     0 3565 1851 14 10 76  0  0  0
 1  0      0 374460  23216 820136    0    0     0     0 3501 1871 14  9 77  0  0  0
 0  0      0 374412  23216 820136    0    0     0     0 3680 1920 29  8 62  0  0  0
 1  0      0 374412  23216 820136    0    0     0     0 3609 1861 13  9 78  0  0  0
 0  0      0 374412  23216 820136    0    0     0     0 3643 1916 12  9 78  0  0  0
 0  0      0 374172  23216 820136    0    0     0     0 3671 1932 14  9 77  0  0  0
 0  0      0 374172  23216 820136    0    0     0     0 3517 1883 14 10 75  0  0  0
 1  0      0 374172  23216 820136    0    0     0     0 3536 1815 13  9 78  0  0  0
 0  0      0 374172  23216 820136    0    0     0     0 3628 1856 13  8 78  0  0  0
 0  0      0 374172  23216 820136    0    0     0     0 3625 1911 15  9 75  0  0  0
 0  0      0 374172  23216 820136    0    0     0  2008 3572 1910 13 10 76  0  0  0
 0  0      0 375368  23216 820136    0    0     0     0 3465 1866 14 10 76  0  0  0
 0  0      0 375368  23216 820136    0    0     0     0 3686 1933 13  9 77  0  0  0
 3  0      0 375144  23216 820136    0    0     0    16 3775 1983 30  8 62  0  0  0
 0  0      0 375144  23216 820136    0    0     0     0 3567 1895 13 10 78  0  0  0
 1  0      0 375144  23216 820136    0    0     0     0 3442 1894 13  9 78  0  0  0
 1  0      0 375144  23216 820136    0    0     0     0 3605 1953 26  8 66  0  0  0
 1  0      0 375144  23216 820136    0    0     0     0 3767 2068 13  9 77  0  0  0
 1  0      0 374952  23216 820136    0    0     0    32 3694 1953 13 10 78  0  0  0
 0  0      0 374904  23216 820136    0    0     0     0 3688 1974 14  9 77  0  0  0
 1  0      0 374904  23216 820136    0    0     0     0 3634 1896 13 10 77  0  0  0
 1  0      0 374904  23216 820136    0    0     0     0 3617 1865 13  9 79  0  0  0
 0  0      0 374904  23216 820136    0    0     0     0 3499 1887 12  9 78  0  0  0
 0  0      0 374904  23216 820136    0    0     0     0 3618 1945 28  9 63  0  0  0
 0  0      0 374904  23216 820136    0    0     0     0 3532 1874 14  9 77  0  0  0
 0  0      0 374904  23216 820136    0    0     0     0 3554 1886 16  9 75  0  0  0
 0  0      0 375156  23216 820136    0    0     0     0 3538 1920 15  9 76  0  0  0
 0  0      0 375712  23216 820136    0    0     0     0 3541 1903 12  9 79  0  0  0
 0  0      0 375712  23216 820136    0    0     0     0 3420 1869 11  9 81  0  0  0
 0  0      0 375712  23216 820136    0    0     0     0 1868 1028  6  5 88  0  0  0
 0  0      0 375712  23216 820136    0    0     0     0  188  145  0  1 99  0  0  0
 1  0      0  91028  23216 683656    0    0     0     0 1871 1041  0 27 73  0  0  0
 0  0      0 552720  21852 617140    0    0     0     0 1055 1379  0  7 93  0  0  0
