procs -----------memory---------- ---swap-- -----io---- -system-- -------cpu-------
 r  b   swpd   free   buff  cache   si   so    bi    bo   in   cs us sy id wa st gu
 1  0      0 359748  23192 820140    0    0   306   764 1552    4 21  3 75  1  0  0
 1  0      0 364800  23192 820140    0    0     0     0 2640 1546 43  4 52  0  1  0
 0  0      0 364056  23192 820140    0    0     0     0 2284 1077 50  3 46  0  0  0
 0  0      0 364952  23192 820140    0    0     0     0 1534  778 13  4 82  0  0  0
 1  0      0 368516  23192 820140    0    0     0     0 1581  759 18  3 78  0  0  0
 2  0      0 367804  23192 820140    0    0     0     0 1685  807 25  3 71  0  0  0
 1  0      0 368616  23192 820140    0    0     0     0 1674  774 24  3 73  0  0  0
 1  0      0 368868  23192 820140    0    0     0     0 1449  781  7  4 89  0  0  0
 0  0      0 368868  23192 820140    0    0     0     0 1405  759  6  3 91  0  0  0
 2  0      0 368868  23192 820140    0    0     0     0 1372  700  5  3 91  0  0  0
 1  0      0 368868  23192 820140    0    0     0     0 1338  721  5  3 91  0  0  0
 0  0      0 368616  23192 820140    0    0     0     0 1883  970 35  3 62  0  0  0
 1  0      0 368868  23192 820140    0    0     0     0 1453  760  5  3 91  0  0  0
 0  0      0 368900  23192 820140    0    0     0     0 1422  748  5  4 91  0  0  0
 0  0      0 368900  23192 820140    0    0     0     0 1370  736  6  3 91  0  0  0
 0  0      0 369568  23192 820140    0    0     0     0 1418  757  7  3 90  0  0  0
 0  0      0 369568  23192 820140    0    0     0     0 1433  749  5  3 91  0  0  0
 0  0      0 370456  23192 820140    0    0     0     0 1471  772  5  3 92  0  0  0
 0  0      0 370960  23192 820140    0    0     0     0 1441  754  5  4 91  0  0  0
 0  0      0 370472  23192 820140    0    0     0     0 1407  745  6  3 91  0  0  0
 0  0      0 371512  23200 820140    0    0     0    64 1462  818  6  4 91  0  0  0
 0  0      0 372736  23200 820140    0    0     0     0 1406  739  5  4 91  0  0  0
 0  0      0 372736  23200 820140    0    0     0     0 1358  739  6  3 91  0  0  0
 0  0      0 376900  23200 820136    0    0     0     0 1437  918  6  4 90  0  0  0
 0  0      0 376676  23200 820136    0    0     0     0 1374  731  5  4 90  0  0  0
 0  0      0 376436  23200 820136    0    0     0     0 1428  748  5  4 90  0  0  0
 0  0      0 376436  23200 820136    0    0     0     0 1408  756  5  4 91  0  0  0
 0  0      0 376436  23200 820136    0    0     0     0 1414  790  5  4 90  0  0  0
 0  0      0 376436  23200 820136    0    0     0     0 1492  815  6  3 90  0  0  0
 0  0      0 376436  23200 820136    0    0     0     0 1405  769  7  3 90  0  0  0
 0  0      0 376436  23200 820136    0    0     0     0 1533  822  9  4 87  0  0  0
 0  0      0 376436  23200 820136    0    0     0     0 1428  735  7  4 89  0  0  0
 0  0      0 376436  23200 820136    0    0     0  1516 1522  873  6  3 89  1  0  0
 0  0      0 379412  23200 820128    0    0     0     0 1539  932  6  4 90  0  0  0
 0  0      0 379160  23200 820128    0    0     0     0 1407  739  5  3 91  0  0  0
 0  0      0 379160  23200 820128    0    0     0     0 1461  750  7  3 90  0  0  0
 0  0      0 379160  23200 820128    0    0     0     0 1425  741  5  4 90  0  0  0
 0  0      0 379160  23200 820128    0    0     0     0 1459  776  6  3 90  0  0  0
 0  0      0 379664  23200 820128    0    0     0     0 1402  741  5  3 91  0  0  0
 6  0      0 380120  23200 820128    0    0     0     0 1879  904 35  4 61  0  0  0
 0  0      0 379868  23200 820128    0    0     0     0 1954 1001 29  4 66  0  0  0
 0  0      0 379868  23200 820128    0    0     0     0 1414  757  6  3 91  0  0  0
 0  0      0 379868  23200 820128    0    0     0     0 1439  818  8  4 88  0  0  0
 0  0      0 379868  23200 820128    0    0     0     0 1397  887  5  4 90  0  0  0
 0  0      0 379868  23200 820128    0    0     0     0 1469  742  6  3 91  0  0  0
 0  0      0 379868  23200 820128    0    0     0     0 1475  732  7  3 90  0  0  0
 0  0      0 379868  23200 820128    0    0     0     0  413  266  1  1 98  0  0  0
 0  0      0 379868  23200 820128    0    0     0     0  168  145  1  0 100  0  0  0
 0  0      0 379868  23200 820128    0    0     0     0  130  116  0  1 100  0  0  0
 0  0      0 379868  23200 820128    0    0     0     0  119  107  0  0 100  0  0  0
