procs -----------memory---------- ---swap-- -----io---- -system-- -------cpu-------
 r  b   swpd   free   buff  cache   si   so    bi    bo   in   cs us sy id wa st gu
 1  0      0 354392  10548 322696    0    0   407   543  970    2  3  2 93  1  0  0
 0  0      0 354392  10548 322696    0    0     0     0   92  115  0  0 100  0  0  0
 0  0      0 354392  10548 322696    0    0     0     0  965  424  2  1 98  0  0  0
 0  0      0 354392  10548 322696    0    0     0     0 1602  719  2  2 96  0  0  0
 0  0      0 354296  10556 322696    0    0     0   744 1609  689  2  2 95  1  1  0
 0  0      0 354296  10556 322688    0    0     0     0 1747  783  3  2 94  0  1  0
 0  0      0 354296  10556 322688    0    0     0     0 1545  654  3  1 96  0  0  0
 1  0      0 354296  10556 322688    0    0     0     0 1673  665  3  2 95  0  1  0
 0  0      0 354296  10556 322688    0    0     0     0 1747  664  3  2 95  0  1  0
 1  0      0 354296  10556 322688    0    0     0   416 1726  645  3  3 95  0  1  0
 1  0      0 354296  10556 322688    0    0     0     0 1699  640  2  1 96  0  1  0
 1  0      0 354296  10556 322688    0    0     0     0 1740  648  3  1 96  0  0  0
 0  0      0 354296  10556 322688    0    0     0     0 1733  657  3  2 95  0  1  0
 0  0      0 354296  10556 322688    0    0     0     0 1741  649  2  1 97  0  0  0
 0  0      0 354296  10556 322688    0    0     0     0 1772  638  3  2 95  0  1  0
 0  0      0 354296  10556 322680    0    0     0     0 1795  801  3  2 96  0  0  0
 0  0      0 354296  10556 322680    0    0     0     0 1645  642  2  2 95  0  1  0
 0  0      0 354296  10556 322680    0    0     0     0 1571  637  2  2 96  0  0  0
 0  0      0 354296  10556 322680    0    0     0     0 1688  654  2  2 96  0  1  0
 0  0      0 354296  10556 322680    0    0     0     0 1657  644  3  2 96  0  0  0
 0  0      0 354296  10556 322680    0    0     0     0 1576  628  2  2 96  0  1  0
 0  0      0 354296  10556 322680    0    0     0     0 1558  650  3  2 95  0  1  0
 0  0      0 354296  10556 322672    0    0     0     0 1748  823  4  2 93  0  1  0
 0  0      0 354296  10556 322672    0    0     0     0 1692  648  3  2 95  0  1  0
 0  0      0 354296  10556 322672    0    0     0     0 1745  634  3  1 95  0  1  0
 0  0      0 354296  10556 322672    0    0     0     0 1724  668  3  2 95  0  1  0
 0  0      0 354296  10556 322672    0    0     0     4 1648  646  3  2 95  0  1  0
 1  0      0 354296  10556 322672    0    0     0     0 1667  673  3  3 94  0  1  0
 0  0      0 354296  10556 322672    0    0     0     0 1680  640  4  2 94  0  1  0
 1  0      0 354296  10556 322672    0    0     0     0 1640  642  3  2 96  0  0  0
 0  0      0 265668  10556 322672    0    0     0     0 2255  847  4 15 76  0  5  0
 0  0      0  57484  10380 292460    0    0     0     0 2868 1148  5 30 62  0  4  0
 0  0      0 442796   6904 250904    0    0     0     0 2640 1810  4 14 80  1  2  0
 0  0      0 442700   6904 250904    0    0     0     0 1510  648  3  1 96  0  1  0
 0  0      0 442700   6912 250904    0    0     0    44 1569  677  3  2 94  1  1  0
 0  0      0 442604   6912 250904    0    0     0    40 1648  647  3  2 95  0  1  0
 0  0      0 442604   6912 250904    0    0     0     8 1663  642  3  2 95  0  1  0
 0  0      0 442604   6912 250904    0    0     0     0 1701  628  4  2 94  0  1  0
 0  0      0 442604   6912 250904    0    0     0     0 1739  649  3  1 96  0  1  0
 0  0      0 442552   6912 250904    0    0     0     0 1685  635  3  2 95  0  1  0
 1  0      0 442552   6912 250904    0    0     0   692 1722  664  3  1 96  1  0  0
 1  0      0 442552   6912 250904    0    0     0     0 1681  642  2  2 96  0  1  0
 1  0      0 442456   6912 250904    0    0     0     0 1705  659  3  1 96  0  1  0
 0  0      0 442456   6912 251184    0    0   280     0 1676  681  3  2 95  1  0  0
 0  0      0 442360   6912 251184    0    0     0     0 1577  637  3  1 96  0  1  0
 0  0      0 442360   6912 251184    0    0     0     0 1593  642  2  1 97  0  0  0
 0  0      0 442360   6912 251184    0    0     0     0 1602  646  2  2 96  0  1  0
 0  0      0 442116   6916 251776    0    0   596     0  831  345  1  2 96  2  0  0
 0  0      0 442116   6916 251776    0    0     0     0   49   37  0  0 100  0  0  0
 0  0      0 442116   6916 251776    0    0     0     0   61   46  0  0 100  0  0  0
