procs -----------memory---------- ---swap-- -----io---- -system-- -------cpu-------
 r  b   swpd   free   buff  cache   si   so    bi    bo   in   cs us sy id wa st gu
 1  0      0 369392  23176 820132    0    0   322   801 1532    4 22  3 74  1  0  0
 0  0      0 375792  23176 820132    0    0     0     0 3583 1863 33  9 57  0  0  0
 0  0      0 381088  23176 820132    0    0     0     8 3516 1885 14  9 77  0  0  0
 0  0      0 385872  23176 820132    0    0     0  1976 3567 1862 16  9 74  0  0  0
 0  0      0 394144  23176 820132    0    0     0     0 3569 1845 15  9 75  0  0  0
 0  0      0 397184  23176 820132    0    0     0     0 3599 1867 15 10 75  0  0  0
 0  0      0 398884  23176 820132    0    0     0     0 3651 1800 25  8 67  0  0  0
 0  0      0 398884  23176 820132    0    0     0     0 3550 1875 12  9 79  0  0  0
 0  0      0 398884  23176 820132    0    0     0     0 3543 1863 14  8 77  0  0  0
 2  0      0 398884  23176 820132    0    0     0     0 3619 1893 18  8 74  0  0  0
 1  0      0 398884  23176 820132    0    0     0     0 3526 1820 14 10 75  0  1  0
 1  0      0 398884  23176 820132    0    0     0    16 3539 1835 13  9 78  0  0  0
 1  0      0 398884  23176 820132    0    0     0     0 3485 1869 13  9 77  0  1  0
 0  0      0 398884  23176 820132    0    0     0     0 3482 1860 12  9 79  0  0  0
 0  0      0 398692  23176 820132    0    0     0     0 3547 1806 11  9 79  0  0  0
 1  0      0 398644  23176 820132    0    0     0     0 3621 1904 27  8 65  0  0  0
 0  0      0 398644  23176 820132    0    0     0     0 3543 1842 18  9 73  0  0  0
 1  0      0 398452  23176 820132    0    0     0     0 3497 1866 14  9 77  0  0  0
 0  0      0 398404  23176 820132    0    0     0     0 3495 1833 14  9 78  0  0  0
 1  0      0 398404  23176 820132    0    0     0     0 3470 1834 15  9 75  0  0  0
 0  0      0 398404  23176 820132    0    0     0     0 3600 1885 12  9 79  0  0  0
 0  0      0 398404  23176 820132    0    0     0     0 3631 1861 16  8 76  0  0  0
 0  0      0 398404  23176 820132    0    0     0     0 3480 1863 12  8 79  0  0  0
 0  0      0 398404  23176 820132    0    0     0     0 3438 1873 13  9 78  0  0  0
 0  0      0 398404  23176 820132    0    0     0     0 3455 1823 12  9 79  0  0  0
 0  0      0 398404  23176 820132    0    0     0     0 3602 1866 13  9 78  0  0  0
 0  0      0 398404  23176 820132    0    0     0     0 3547 1848 14  9 76  0  1  0
 0  0      0 398404  23176 820132    0    0     0     0 3556 1862 16  8 75  0  0  0
 1  0      0 398404  23176 820132    0    0     0     8 3575 1803 17  8 74  0  0  0
 1  0      0 398404  23184 820132    0    0     0    44 3593 1820 16  9 74  0  0  0
 1  0      0 398404  23184 820132    0    0     0     0 3472 1854 13 10 77  0  0  0
 1  0      0 398464  23184 820132    0    0     0     0 3451 1846 12  9 79  0  0  0
 2  0      0 398272  23184 820132    0    0     0     0 3758 1982 14  9 76  0  1  0
 1  0      0 398224  23184 820132    0    0     0     0 3543 1810 30  8 62  0  0  0
 1  0      0 398224  23184 820132    0    0     0     0 3431 1782 13  9 77  0  1  0
 1  0      0 398224  23184 820132    0    0     0     0 3516 1860 12  8 79  0  0  0
 0  0      0 398224  23184 820132    0    0     0     0 3612 1817 12  9 79  0  0  0
 0  0      0 398224  23184 820132    0    0     0     0 3550 1829 12  9 79  0  0  0
 0  0      0 398224  23184 820132    0    0     0     0 3457 1846 12  9 79  0  0  0
 0  0      0 398224  23184 820132    0    0     0     0 3574 1873 13  9 77  0  0  0
 0  0      0 398224  23184 820132    0    0     0     0 3596 1858 13  8 79  0  0  0
 0  0      0 398224  23184 820132    0    0     0     0 3459 1859 12  8 80  0  0  0
 0  0      0 398224  23184 820132    0    0     0    16 3580 1847 11  9 80  0  0  0
 0  0      0 398224  23184 820132    0    0     0     0 3586 1814 13  8 79  0  0  0
 0  0      0 397984  23184 820132    0    0     0     0  635  412  2  2 96  0  1  0
 0  0      0 397984  23184 820132    0    0     0     0  267  208  4  1 95  0  0  0
 0  0      0 397984  23184 820132    0    0     0     0  192  153  1  0 100  0  0  0
 0  0      0 397984  23184 820132    0    0     0     0  157  130  0  0 100  0  0  0
 0  0      0 397984  23184 820132    0    0     0     0  148  138  0  0 100  0  0  0
 0  0      0 397984  23184 820132    0    0     0     0  136  112  0  0 100  0  0  0
