procs -----------memory---------- ---swap-- -----io---- -system-- -------cpu-------
 r  b   swpd   free   buff  cache   si   so    bi    bo   in   cs us sy id wa st gu
 1  0      0 354500  10516 322656    0    0   449   597  998    3  3  2 93  2  0  0
 0  0      0 354460  10516 322664    0    0     0     0  662  261  1  1 99  0  0  0
 0  0      0 354460  10516 322664    0    0     0     0 1807  669  3  1 96  0  0  0
 1  0      0 355616  10516 322660    0    0     0     0 1906  811  2  2 96  0  0  0
 0  0      0 355616  10524 322652    0    0     0    44 1658  656  2  1 96  0  1  0
 0  0      0 355616  10524 322660    0    0     0  1256 1661  667  2  1 96  1  0  0
 0  0      0 355616  10524 322660    0    0     0     4 1651  665  2  2 97  0  0  0
 0  0      0 355616  10524 322660    0    0     0     0 1645  637  2  2 97  0  0  0
 0  0      0 355616  10524 322660    0    0     0     0 1694  641  2  1 96  0  1  0
 0  0      0 355616  10524 322660    0    0     0     0 1673  630  2  2 96  0  0  0
 0  0      0 355616  10524 322660    0    0     0     0 1696  665  2  2 97  0  0  0
 0  0      0 355616  10524 322660    0    0     0     0 1677  655  2  2 96  0  0  0
 0  0      0 355616  10524 322660    0    0     0     0 1666  640  2  2 96  0  1  0
 0  0      0 355616  10524 322660    0    0     0     0 1714  629  3  1 96  0  0  0
 0  0      0 355616  10524 322660    0    0     0     0 1680  669  2  2 96  0  0  0
 0  0      0 355616  10524 322660    0    0     0     0 1639  640  2  2 96  0  0  0
 0  0      0 355616  10524 322660    0    0     0     0 1647  638  2  2 96  0  1  0
 0  0      0 355616  10524 322660    0    0     0     0 1685  639  2  1 97  0  0  0
 0  0      0 355616  10524 322660    0    0     0     0 1728  677  1  2 97  0  0  0
 0  0      0 355616  10524 322660    0    0     0     0 1675  635  3  2 95  0  0  0
 1  0      0 355616  10524 322660    0    0     0     0 1706  648  2  1 97  0  1  0
 0  0      0 355616  10524 322660    0    0     0     0 1731  662  3  2 96  0  0  0
 0  0      0 355616  10524 322660    0    0     0     0 1723  648  2  1 97  0  0  0
 0  0      0 355616  10524 322660    0    0     0     0 1755  637  2  2 96  0  0  0
 0  0      0 355616  10524 322660    0    0     0     0 1758  631  2  1 97  0  1  0
 0  0      0 355616  10524 322660    0    0     0     0 1769  628  3  1 96  0  0  0
 0  0      0 355616  10524 322660    0    0     0     0 1786  643  3  1 96  0  0  0
 0  0      0 355616  10524 322660    0    0     0     0 1747  632  2  2 97  0  0  0
 0  0      0 355616  10524 322660    0    0     0     0 1743  636  2  1 96  0  1  0
 0  0      0 355616  10524 322660    0    0     0     0 1755  630  2  0 98  0  0  0
 0  0      0 355616  10524 322660    0    0     0     0 1761  664  2  2 96  0  0  0
 0  0      0 355616  10524 322660    0    0     0     0 1750  646  2  2 96  0  0  0
 0  0      0 355616  10524 322660    0    0     0     0 1697  634  2  1 96  0  1  0
 0  0      0 355616  10524 322660    0    0     0     0 1654  631  2  2 96  0  0  0
 1  0      0 355616  10524 322660    0    0     0     0 1668  645  2  1 97  0  0  0
 0  0      0 355616  10524 322660    0    0     0    20 1640  667  2  2 96  0  0  0
 0  0      0 355616  10532 322652    0    0     0    28 1768  659  1  2 97  0  0  0
 1  0      0 355616  10532 322660    0    0     0     0 1792  635  2  1 97  0  0  0
 1  0      0 355616  10532 322660    0    0     0     0 1812  671  2  1 96  0  1  0
 0  0      0 355616  10532 322660    0    0     0     0 1792  631  2  2 97  0  0  0
 0  0      0 355616  10532 322660    0    0     0     0 1844  667  3  2 96  0  0  0
 1  0      0 355616  10532 322660    0    0     0     0 1790  638  2  1 97  0  0  0
 0  0      0 355616  10532 322660    0    0     0     0 1755  678  2  2 96  0  0  0
 0  0      0 355616  10532 322660    0    0     0     0 1712  636  2  2 96  0  1  0
 0  0      0 355616  10532 322660    0    0     0     0 1775  657  2  1 97  0  0  0
 0  0      0 355616  10532 322660    0    0     0     0 1755  632  2  1 97  0  0  0
 0  0      0 355616  10532 322660    0    0     0     0 1276  520  2  1 97  0  0  0
 0  0      0 355616  10532 322660    0    0     0     0   42   38  0  0 100  0  0  0
 0  0      0 355616  10532 322660    0    0     0     0   46   39  0  0 100  0  0  0
 0  0      0 355616  10532 322660    0    0     0     0   33   20  0  0 100  0  0  0
