procs -----------memory---------- ---swap-- -----io---- -system-- -------cpu-------
 r  b   swpd   free   buff  cache   si   so    bi    bo   in   cs us sy id wa st gu
 4  0      0 414020  23132 820084    0    0   340   843 1560    4 22  3 74  1  0  0
 1  0      0 413516  23132 820084    0    0     0     0 1535  876 36  1 62  0  0  0
 2  0      0 413264  23132 820084    0    0     0     0 2337  954 59  3 38  0  0  0
 1  0      0 410744  23140 820076    0    0     0  2036 2316  848 58  4 38  0  0  0
 1  0      0 401420  23140 820084    0    0     0    32 2277  920 59  4 38  0  0  0
 1  0      0 400928  23140 820084    0    0     0     0 2271  802 59  3 39  0  0  0
 1  0      0 400844  23140 820084    0    0     0     0 2247  837 58  4 39  0  0  0
 1  0      0 399880  23140 820084    0    0     0     0 2236  846 57  4 39  0  0  0
 1  0      0 399880  23140 820084    0    0     0     0 2237  832 57  3 40  0  0  0
 1  0      0 405132  23140 820084    0    0     0     0 2225  895 57  3 39  0  0  0
 0  0      0 400108  23140 820084    0    0     0     0 2188  899 57  3 40  0  0  0
 1  0      0 400068  23140 820084    0    0     0     0 2215  922 54  4 43  0  0  0
 1  0      0 399312  23140 820084    0    0     0     0 2139  915 56  3 41  0  0  0
 1  0      0 399312  23140 820084    0    0     0     0 2119  811 57  3 39  0  0  0
 1  0      0 399312  23140 820084    0    0     0     0 1988  838 42  3 56  0  0  0
 1  0      0 399312  23140 820084    0    0     0     0 2032  859 42  4 54  0  0  0
 1  0      0 399312  23140 820084    0    0     0     0 2076  868 45  3 51  0  0  0
 1  0      0 398556  23140 820084    0    0     0     0 2066  855 46  3 50  0  0  0
 1  0      0 398556  23140 820084    0    0     0     0 1881  794 35  4 59  0  1  0
 7  0      0 397800  23140 820084    0    0     0     0 1942  879 42  3 55  0  0  0
 7  0      0 397800  23140 820084    0    0     0     0  809  422 29  2 69  0  1  0
 4  0      0 397800  23140 820084    0    0     0     0  879  501 37  4 58  0  0  0
 4  0      0 397800  23140 820084    0    0     0     0  922  551 47  6 47  0  0  0
 5  0      0 397800  23140 820084    0    0     0     0  889  526 31  4 65  0  0  0
 7  0      0 397800  23140 820084    0    0     0     0  912  491 31  5 64  0  0  0
 3  0      0 397044  23160 820120    0    0    48    48  961  654 30  6 63  1  0  0
 4  0      0 397044  23160 820132    0    0     0     0  880  490 37  3 60  0  0  0
 8  0      0 397044  23160 820132    0    0     0     0  926  503 38  3 59  0  0  0
 7  0      0 397044  23160 820132    0    0     0     0  919  612 49  7 44  0  0  0
12  0      0 397044  23160 820132    0    0     0     0  919  495 36  5 59  0  0  0
 9  0      0 397044  23160 820132    0    0     0     0  878  477 38  5 57  0  0  0
 0  0      0 397044  23160 820132    0    0     0     0 1405  745 12  4 84  0  0  0
11  0      0 397044  23160 820132    0    0     0     0 1311  548 31  2 67  0  0  0
 5  0      0 397116  23160 820132    0    0     0     0 1088  634 23  3 73  0  1  0
 0  0      0 396864  23160 820132    0    0     0    16 1170  702 18  4 78  0  0  0
 0  0      0 396360  23160 820132    0    0     0     0 1420  795  8  3 89  0  0  0
 0  0      0 396360  23160 820132    0    0     0     0 1414  761  7  3 90  0  0  0
 0  0      0 395616  23160 820132    0    0     0     0 1541  761 13  4 83  0  0  0
 0  0      0 393852  23160 820132    0    0     0     0 1483  760  9  3 87  0  0  0
 0  0      0 393852  23160 820132    0    0     0     0 1398  758  7  3 90  0  0  0
 0  0      0 393852  23160 820132    0    0     0     0 1633  817 18  3 78  0  0  0
 0  0      0 393348  23160 820132    0    0     0     0 1983  863 42  4 54  0  0  0
 0  0      0 393348  23160 820132    0    0     0     0 1536  821 17  4 79  0  0  0
 4  0      0 393348  23160 820132    0    0     0     0 1602  908 16  3 80  0  0  0
 2  0      0 393156  23160 820132    0    0     0     0 1835  888 32  3 64  0  0  0
 1  0      0 393108  23160 820132    0    0     0     0 1610  749 22  4 75  0  0  0
 0  0      0 393108  23160 820132    0    0     0     0  929  479  9  1 90  0  0  0
 0  0      0 393108  23160 820132    0    0     0     0  129  114  0  0 100  0  0  0
 0  0      0 393108  23160 820132    0    0     0     0  117  103  0  1 100  0  0  0
 0  0      0 393108  23160 820132    0    0     0     0  134  122  0  0 100  0  0  0
