procs -----------memory---------- ---swap-- -----io---- -system-- -------cpu-------
 r  b   swpd   free   buff  cache   si   so    bi    bo   in   cs us sy id wa st gu
 2  0      0 365844  10472 322472    0    0   473   628 1027    3  4  2 93  2  0  0
 0  0      0 365844  10472 322472    0    0     0  1368  520  249  0  1 98  1  0  0
 0  0      0 365844  10472 322472    0    0     0     0  727  261  1  0 99  0  0  0
 0  0      0 365844  10472 322472    0    0     0     0  713  251  1  1 98  0  1  0
 0  0      0 365844  10472 322472    0    0     0     0  759  284  1  1 98  0  0  0
 0  0      0 365844  10472 322472    0    0     0     0  740  270  1  1 99  0  0  0
 0  0      0 365844  10472 322472    0    0     0     0  723  239  1  1 99  0  0  0
 0  0      0 365844  10472 322472    0    0     0     0  703  246  1  1 99  0  0  0
 0  0      0 365844  10472 322472    0    0     0     0  770  319  1  1 98  0  0  0
 0  0      0 365844  10472 322472    0    0     0     8  740  258  1  1 98  0  1  0
 0  0      0 365844  10472 322472    0    0     0     0  774  320  1  0 99  0  0  0
 0  0      0 365844  10472 322472    0    0     0     0  776  283  1  1 98  0  0  0
 0  0      0 365844  10472 322472    0    0     0     0  747  253  1  1 99  0  0  0
 0  0      0 365844  10472 322472    0    0     0     0  756  283  1  1 98  0  0  0
 0  0      0 365844  10472 322472    0    0     0     0  727  248  1  0 98  0  1  0
 0  0      0 365844  10472 322472    0    0     0     0  737  252  1  1 98  0  0  0
 0  0      0 365764  10472 322472    0    0     0     0  795  276  2  1 98  0  0  0
 0  0      0 365732  10472 322472    0    0     0     0  741  240  1  1 98  0  0  0
 0  0      0 365732  10500 322580    0    0   176    96  951  478  2  2 95  2  1  0
 0  0      0 365732  10500 322648    0    0     0     0  683  241  1  1 99  0  0  0
 0  0      0 365732  10500 322648    0    0     0     0  537  226  1  1 98  0  0  0
 0  0      0 365732  10500 322648    0    0     0     0  577  264  1  1 99  0  0  0
 0  0      0 365732  10500 322648    0    0     0     0  583  235  1  1 99  0  0  0
 0  0      0 365732  10500 322648    0    0     0     0  610  239  1  0 99  0  0  0
 0  0      0 365732  10500 322648    0    0     0     4  606  254  0  1 98  0  0  0
 0  0      0 365732  10500 322648    0    0     0     0  587  239  1  1 99  0  0  0
 0  0      0 365732  10500 322648    0    0     0     0  540  221  1  1 98  0  0  0
 0  0      0 365732  10500 322648    0    0     0     0  583  226  1  0 99  0  0  0
 0  0      0 365732  10500 322648    0    0     0    60  599  249  1  1 99  0  0  0
 0  0      0 365732  10500 322648    0    0     0     4  565  246  0  1 99  0  0  0
 0  0      0 365732  10500 322648    0    0     0     0  595  263  1  0 99  0  0  0
 0  0      0 365732  10500 322648    0    0     0     0  758  284  1  1 99  0  0  0
 0  0      0 365732  10500 322648    0    0     0     0  577  213  1  0 99  0  1  0
 0  0      0 365732  10500 322648    0    0     0     0  689  262  1  1 98  0  0  0
 0  0      0 365732  10500 322648    0    0     0     0  682  259  1  1 98  0  0  0
 0  0      0 365732  10500 322648    0    0     0     0  684  236  1  0 99  0  0  0
 0  0      0 365652  10500 322648    0    0     0     0  719  268  1  1 98  0  0  0
 0  0      0 365620  10500 322648    0    0     0     0  674  227  1  1 98  0  0  0
 0  0      0 365620  10500 322648    0    0     0     0  679  244  1  1 99  0  0  0
 0  0      0 365620  10500 322648    0    0     0     0  682  236  1  1 98  0  0  0
 0  0      0 365620  10500 322648    0    0     0     0  748  272  1  1 98  0  0  0
 0  0      0 365620  10500 322648    0    0     0     0  684  234  1  0 99  0  0  0
 0  0      0 365620  10500 322648    0    0     0     0  706  236  1  1 98  0  1  0
 0  0      0 365620  10500 322648    0    0     0     0  686  226  1  1 98  0  0  0
 0  0      0 365620  10500 322648    0    0     0     0  760  259  1  1 98  0  0  0
 0  0      0 365620  10500 322648    0    0     0     0  720  235  1  0 99  0  0  0
 0  0      0 365620  10500 322648    0    0     0     0  380  120  1  0 100  0  0  0
 0  0      0 365620  10500 322648    0    0     0     0   37   26  0  0 100  0  0  0
 0  0      0 365620  10500 322648    0    0     0     0   51   42  0  0 100  0  0  0
 0  0      0 365620  10508 322640    0    0     0   528   88   79  0  0 100  1  0  0
