procs -----------memory---------- ---swap-- -----io---- -system-- -------cpu-------
 r  b   swpd   free   buff  cache   si   so    bi    bo   in   cs us sy id wa st gu
 2  0      0 590604  22012 621184    0    0   268   668 1535    4 19  3 77  1  0  0
 3  0      0 590604  22012 621184    0    0     0     0 5219 2967 50  7 42  0  0  0
 2  0      0 590364  22012 621184    0    0     0     0 5260 2930 31  9 60  0  0  0
 1  0      0 590364  22012 621184    0    0     0     0 5131 2970 35  7 57  0  0  0
 2  0      0 590364  22012 621184    0    0     0     0 5182 2860 36  7 56  0  0  0
 2  0      0 590364  22012 621184    0    0     0     0 5136 2936 61  7 31  0  0  0
 1  0      0 590364  22012 621184    0    0     0     0 5125 2886 34  8 57  0  0  0
 1  0      0 590364  22012 621184    0    0     0     0 5261 2952 35  7 57  0  0  0
 1  0      0 590364  22012 621184    0    0     0     0 5146 2889 32  7 60  0  1  0
 1  0      0 590364  22012 621184    0    0     0     0 5171 2911 32  8 59  0  1  0
 1  0      0 590112  22020 621184    0    0     0    60 5060 2930 29  8 61  0  1  0
 1  0      0 589356  22020 621184    0    0     0     0 5017 2934 68  6 26  0  0  0
 2  0      0 589712  22020 621184    0    0     0     0 5199 2990 33  8 58  0  1  0
 1  0      0 589712  22020 621184    0    0     0     0 5131 2964 32  7 61  0  0  0
 0  0      0 588956  22020 621184    0    0     0     0 5153 2905 30  8 61  0  0  0
 2  0      0 588732  22020 621184    0    0     0     0 5202 3006 30  8 61  0  0  0
 1  0      0 588732  22020 621184    0    0     0     0 5250 3038 28  7 64  0  0  0
 1  0      0 588732  22020 621184    0    0     0     0 5128 3024 47  7 45  0  0  0
 1  0      0 588492  22020 621184    0    0     0     0 5147 2909 28  8 64  0  0  0
 1  0      0 588492  22020 621184    0    0     0     0 5166 2969 28  7 65  0  0  0
 0  0      0 588492  22020 621184    0    0     0     0 5197 2876 28  7 64  0  0  0
 1  0      0 588492  22020 621184    0    0     0     0 5162 2956 29  7 64  0  0  0
 1  0      0 588492  22020 621184    0    0     0     0 5201 2890 31  8 60  0  0  0
 3  0      0 588492  22020 621184    0    0     0     0 5121 2961 45  7 47  0  0  0
 1  0      0 588252  22020 621184    0    0     0     0 5130 2921 39  8 53  0  0  0
 1  0      0 588252  22020 621184    0    0     0     0 5155 3046 52  7 40  0  0  0
 0  0      0 586992  22020 621184    0    0     0     0 5352 2877 57  9 34  0  0  0
 2  0      0 587500  22020 621184    0    0     0     0 5111 2982 27  7 65  0  0  0
 0  0      0 587752  22020 621184    0    0     0     0 5159 2910 27  6 67  0  0  0
 2  0      0 589084  22020 621184    0    0     0     0 5221 2971 34  8 58  0  0  0
 1  0      0 588832  22020 621184    0    0     0  1576 5080 2948 34  8 57  0  0  0
 1  0      0 589328  22020 621184    0    0     0     0 5332 2980 32  6 61  0  0  0
 2  0      0 589496  22020 621184    0    0     0     0 5241 2948 43  8 48  0  0  0
 1  0      0 588260  22020 621184    0    0     0     0 5228 3075 50 10 40  0  0  0
 0  0      0 588260  22020 621184    0    0     0     0 5267 2863 51  6 43  0  0  0
 1  0      0 587768  22020 621184    0    0     0     0 5232 2964 29  8 63  0  0  0
 5  0      0 587768  22020 621184    0    0     0     0 5118 2882 42  8 49  0  0  0
 0  0      0 588276  22020 621184    0    0     0     0 5142 2852 27  7 65  0  0  0
 0  0      0 589336  22020 621184    0    0     0     0 5195 2886 27  8 64  0  1  0
 1  0      0 588816  22020 621184    0    0     0     0 5214 2919 31  8 61  0  0  0
 1  0      0 589144  22028 621184    0    0     0    28 5270 3027 35  8 57  0  0  0
 0  0      0 588640  22028 621184    0    0     0    56 5161 2958 29  8 62  0  0  0
 0  0      0 587380  22028 621184    0    0     0     0 5062 2959 44  6 49  0  0  0
 1  0      0 588728  22028 621184    0    0     0     0 5250 2923 26  8 66  0  0  0
 0  0      0 588728  22028 621184    0    0     0     0 5119 2945 27  8 65  0  0  0
 0  0      0 588728  22028 621184    0    0     0     0 2508 1506 14  4 82  0  0  0
 0  0      0 588728  22028 621184    0    0     0     0  215  190  1  0 99  0  1  0
 0  0      0 588728  22028 621184    0    0     0     0  164  145  0  0 100  0  0  0
 0  0      0 588728  22028 621184    0    0     0     0  147  124  0  0 100  0  0  0
 0  0      0 588728  22028 621184    0    0     0     0  140  118  0  0 100  0  0  0
