procs -----------memory---------- ---swap-- -----io---- -system-- -------cpu-------
 r  b   swpd   free   buff  cache   si   so    bi    bo   in   cs us sy id wa st gu
 2  0      0 371240   7220 290512    0    0   391   496  962    2  3  2 94  1  0  0
 0  0      0 371048   7220 290512    0    0     0     0 2885 1390  5  3 93  0  0  0
 0  0      0 371048   7220 290512    0    0     0  1084 3856 1830  7  4 86  3  1  0
 0  0      0 371048   7220 290512    0    0     0     0 3728 1781  6  2 92  0  0  0
 1  0      0 371048   7220 290512    0    0     0     0 3737 1747  6  3 90  0  1  0
 1  0      0 371048   7220 290512    0    0     0     0 3742 1881  7  3 90  0  0  0
 0  0      0 371048   7220 290512    0    0     0     0 3552 1746  6  4 90  0  1  0
 1  0      0 371048   7220 290512    0    0     0     0 3751 1857  6  3 90  0  1  0
 1  0      0 371048   7220 290512    0    0     0     0 3469 1767  6  2 92  0  0  0
 0  0      0 371048   7220 290512    0    0     0     0 3455 1771  7  4 89  0  1  0
 0  0      0 371048   7220 290512    0    0     0     0 3376 1796  7  3 90  0  1  0
 0  0      0 371048   7220 290512    0    0     0     0 3508 1785  7  4 89  0  1  0
 0  0      0 371048   7220 290512    0    0     0     0 3489 1772  7  3 90  0  1  0
 0  0      0 371048   7220 290512    0    0     0     0 3284 1799  6  4 90  0  1  0
 0  0      0 371048   7220 290512    0    0     0     0 3391 1755  7  4 89  0  1  0
 1  0      0 371048   7220 290512    0    0     0     0 3831 1784  7  3 90  0  0  0
 0  0      0 371048   7220 290512    0    0     0     0 3625 1760  6  3 90  0  1  0
 0  0      0 371048   7220 290512    0    0     0     0 3451 1805  7  4 89  0  1  0
 0  0      0 371048   7220 290512    0    0     0     0 3602 1763  7  4 88  0  1  0
 0  0      0 371048   7220 290512    0    0     0     0 3962 1750  8  3 89  0  1  0
 0  0      0 371048   7220 290512    0    0     0     0 3511 1787  7  3 90  0  1  0
 0  0      0 371048   7220 290512    0    0     0     0 3645 1773  7  3 90  0  1  0
 0  0      0 371048   7220 290512    0    0     0     0 3530 1764  6  4 91  0  0  0
 1  0      0 371048   7220 290512    0    0     0     0 3284 1761  7  3 90  0  1  0
 0  0      0 371048   7228 290504    0    0     0    48 3523 1783  6  3 90  1  1  0
 0  0      0 371048   7228 290512    0    0     0     0 3892 1767  7  2 91  0  0  0
 1  0      0 371048   7228 290512    0    0     0     0 3811 1751  5  3 92  0  1  0
 0  0      0 371048   7228 290512    0    0     0     0 3709 1780  7  3 90  0  1  0
 0  0      0 371048   7228 290512    0    0     0     0 3648 1760  6  3 91  0  1  0
 0  0      0 371048   7228 290512    0    0     0     0 3740 1780  6  3 91  0  1  0
 0  0      0 371048   7228 290512    0    0     0     0 3732 1762  8  3 89  0  1  0
 0  0      0 371048   7228 290512    0    0     0     0 3703 1770  8  3 89  0  1  0
 0  0      0 371048   7228 290512    0    0     0     0 3492 1781  6  3 91  0  0  0
 0  0      0 371048   7228 290512    0    0     0     0 3481 1790  7  4 89  0  1  0
 0  0      0 371048   7228 290512    0    0     0     0 3549 1770  6  4 90  0  0  0
 0  0      0 371048   7228 290512    0    0     0     0 3820 1769  7  3 90  0  1  0
 0  0      0 371048   7228 290512    0    0     0     0 3846 1753  7  3 90  0  1  0
 0  0      0 371048   7228 290512    0    0     0     0 3839 1788  8  3 89  0  1  0
 0  0      0 371048   7228 290512    0    0     0     0 3808 1762  7  3 90  0  0  0
 0  0      0 371048   7228 290512    0    0     0     0 3530 1778  6  3 91  0  1  0
 0  0      0 371048   7228 290512    0    0     0     0 3251 1766  7  3 90  0  0  0
 0  0      0 371048   7228 290512    0    0     0     0 3483 1773  6  3 91  0  1  0
 0  0      0 371048   7228 290512    0    0     0     0 3371 1742  7  3 90  0  1  0
 1  0      0 371048   7228 290512    0    0     0     0 3578 1768  7  2 91  0  0  0
 0  0      0 371048   7228 290512    0    0     0     0 3513 1756  8  4 89  0  1  0
 0  0      0 371048   7228 290512    0    0     0     0 3697 1832  7  3 89  0  1  0
 0  0      0 371048   7228 290512    0    0     0     0  986  484  3  1 97  0  0  0
 0  0      0 371048   7228 290512    0    0     0     0   56   46  0  0 100  0  0  0
 0  0      0 371048   7228 290512    0    0     0     0   44   40  0  0 100  0  0  0
 0  0      0 371048   7228 290512    0    0     0     0   61   45  0  0 100  0  0  0
