procs -----------memory---------- ---swap-- -----io---- -system-- -------cpu-------
 r  b   swpd   free   buff  cache   si   so    bi    bo   in   cs us sy id wa st gu
 2  0      0 598064  21996 619712    0    0   280   698 1545    4 20  3 76  1  0  0
 0  0      0 597824  21996 621164    0    0  1448     0 2801 1441 41  5 52  1  0  0
 0  0      0 597824  21996 621164    0    0     0     0 2470 1281 25  5 70  0  0  0
 1  0      0 597584  21996 621164    0    0     0     0 2599 1243 35  5 59  0  0  0
 0  0      0 597332  21996 621164    0    0     0    28 2414 1230 18  5 77  0  0  0
 0  0      0 597332  21996 621164    0    0     0     0 2489 1205 27  5 68  0  0  0
 0  0      0 597332  21996 621164    0    0     0     0 2279 1126 12  4 83  0  0  0
 1  0      0 597080  21996 621164    0    0     0     0 2343 1252 22  5 73  0  0  0
 1  0      0 597080  21996 621164    0    0     0     0 2514 1202 34  4 61  0  0  0
 0  0      0 597080  21996 621164    0    0     0     0 2273 1165 16  4 80  0  0  0
 1  0      0 597080  21996 621164    0    0     0     0 2174 1158 12  4 83  0  0  0
 1  0      0 596856  21996 621164    0    0     0     0 2188 1137 12  4 83  0  0  0
 1  0      0 596856  21996 621164    0    0     0     0 2311 1177 17  5 78  0  0  0
 1  0      0 596856  21996 621164    0    0     0     0 2487 1233 26  5 68  0  0  0
 0  0      0 596856  21996 621164    0    0     0     0 2255 1152 15  4 81  0  0  0
 0  0      0 596856  21996 621164    0    0     0     0 2249 1152 14  4 81  0  0  0
 0  0      0 596856  21996 621164    0    0     0     0 2202 1159 14  4 82  0  0  0
 0  0      0 596616  21996 621164    0    0     0     0 2280 1215 12  4 83  0  0  0
 3  0      0 596616  21996 621164    0    0     0     0 2330 1238 16  5 78  0  0  0
 1  0      0 596616  21996 621164    0    0     0     0 2259 1276 15  5 80  0  0  0
 1  0      0 596616  21996 621164    0    0     0     0 2372 1121 26  4 70  0  0  0
 1  0      0 596616  21996 621164    0    0     0     0 2207 1205 12  4 83  0  0  0
 1  0      0 596376  21996 621164    0    0     0     0 2253 1148 14  4 83  0  0  0
 0  0      0 596376  21996 621164    0    0     0     0 2200 1147 12  4 83  0  0  0
 3  0      0 596376  21996 621164    0    0     0     0 2287 1165 13  4 82  0  0  0
 0  0      0 596376  21996 621164    0    0     0     0 2530 1318 32  5 63  0  0  0
 1  0      0 596376  21996 621164    0    0     0     0 2446 1194 30  4 66  0  0  0
 2  0      0 596376  21996 621164    0    0     0     0 2371 1181 27  4 69  0  0  0
 1  0      0 596376  21996 621164    0    0     0     0 2471 1112 32  4 64  0  0  0
 0  0      0 596376  21996 621164    0    0     0     0 2142 1124 12  3 84  0  0  0
 4  0      0 596376  22004 621164    0    0     0  1804 2285 1236 10  5 85  1  0  0
 0  0      0 596376  22004 621164    0    0     0     0 2268 1130 11  4 84  0  0  0
 0  0      0 596408  22004 621164    0    0     0     0 2168 1156 10  4 85  0  0  0
 0  0      0 596408  22004 621164    0    0     0     0 2107 1148 11  5 85  0  0  0
 0  0      0 596216  22004 621164    0    0     0     0 2306 1129 12  4 84  0  0  0
 0  0      0 596168  22004 621164    0    0     0    16 2289 1125 11  4 84  0  0  0
 3  0      0 596168  22004 621164    0    0     0     0 2115 1119 11  4 85  0  0  0
 0  0      0 596168  22004 621164    0    0     0     0 2250 1135 12  4 84  0  0  0
 0  0      0 596168  22004 621164    0    0     0     0 2236 1153 13  4 82  0  0  0
 0  0      0 596168  22004 621164    0    0     0     0 2389 1096 21  4 75  0  0  0
 0  0      0 596168  22004 621164    0    0     0     0 2378 1138 13  5 83  0  1  0
 0  0      0 596168  22004 621164    0    0     0     0 2197 1139 16  5 79  0  0  0
 0  0      0 596168  22004 621164    0    0     0     0 2482 1330 28  4 68  0  0  0
 0  0      0 595928  22004 621164    0    0     0     0 2222 1116 12  4 84  0  0  0
 0  0      0 595928  22004 621164    0    0     0     0 2308 1119 13  4 83  0  0  0
 0  0      0 595928  22004 621164    0    0     0     0 1638  911  8  3 88  0  0  0
 0  0      0 595928  22004 621164    0    0     0     0  191  147  0  1 100  0  0  0
 0  0      0 595928  22004 621164    0    0     0     0  138  134  0  0 100  0  0  0
 0  0      0 595928  22004 621164    0    0     0     0  122  107  0  0 100  0  0  0
 0  0      0 595928  22004 621164    0    0     0     0  123  113  0  0 100  0  0  0
