procs -----------memory---------- ---swap-- -----io---- -system-- -------cpu-------
 r  b   swpd   free   buff  cache   si   so    bi    bo   in   cs us sy id wa st gu
 1  0      0 392572   7204 290488    0    0   409   519  971    2  3  2 93  1  0  0
 0  0      0 392456   7204 290488    0    0     0   776  694  349  1  1 97  1  0  0
 0  0      0 392456   7204 290488    0    0     0     0 1326  615  3  2 96  0  1  0
 0  0      0 392456   7204 290488    0    0     0     4 1411  638  3  2 96  0  0  0
 1  0      0 392456   7204 290488    0    0     0     0 1410  610  3  1 96  0  1  0
 0  0      0 392512   7204 290488    0    0     0     0 1401  604  3  1 95  0  1  0
 0  0      0 392420   7204 290488    0    0     0   292 1367  617  2  1 97  0  0  0
 0  0      0 392420   7204 290488    0    0     0     0 1300  618  3  1 95  0  0  0
 0  0      0 392420   7204 290488    0    0     0     0 1369  611  3  1 96  0  0  0
 0  0      0 392420   7204 290488    0    0     0     0 1461  605  4  1 95  0  1  0
 0  0      0 392420   7204 290488    0    0     0     0 1443  601  3  1 96  0  1  0
 0  0      0 392420   7204 290488    0    0     0     0 1433  618  3  1 96  0  0  0
 0  0      0 392420   7204 290488    0    0     0     0 1444  615  2  1 97  0  0  0
 1  0      0 392420   7204 290488    0    0     0    12 1446  613  3  1 96  0  1  0
 0  0      0 392420   7204 290488    0    0     0     0 1408  601  2  1 97  0  0  0
 0  0      0 392420   7204 290488    0    0     0     0 1413  622  2  2 96  0  0  0
 1  0      0 392420   7204 290488    0    0     0     0 1428  614  3  1 96  0  1  0
 0  0      0 392420   7204 290488    0    0     0     0 1320  599  3  2 96  0  0  0
 0  0      0 392420   7204 290488    0    0     0     0 1381  616  3  1 96  0  0  0
 1  0      0 392420   7204 290488    0    0     0     0 1338  615  2  1 97  0  0  0
 0  0      0 390560   7204 290488    0    0     0     0 1387  637  3  2 95  0  1  0
 0  0      0 390560   7204 290488    0    0     0     0 1351  616  2  1 97  0  0  0
 0  0      0 390560   7204 290488    0    0     0     0 1363  615  3  1 96  0  0  0
 0  0      0 390560   7204 290488    0    0     0     0 1368  622  2  1 97  0  0  0
 0  0      0 390560   7204 290488    0    0     0     0 1383  603  3  1 95  0  1  0
 0  0      0 390560   7212 290480    0    0     0    44 1402  632  3  2 95  0  1  0
 0  0      0 390560   7212 290488    0    0     0     0 1351  617  3  1 96  0  0  0
 0  0      0 390560   7212 290488    0    0     0     0 1324  619  2  1 97  0  0  0
 0  0      0 390560   7212 290488    0    0     0     0 1287  638  3  1 95  0  0  0
 0  0      0 390560   7212 290488    0    0     0     0 1284  617  3  2 95  0  0  0
 0  0      0 390560   7212 290488    0    0     0     0 1313  618  3  1 96  0  0  0
 0  0      0 390560   7212 290488    0    0     0     0 1412  657  3  2 95  0  1  0
 1  0      0 390560   7212 290488    0    0     0     0 1374  610  3  1 97  0  0  0
 0  0      0 390560   7212 290488    0    0     0     0 1425  695  3  2 96  0  1  0
 0  0      0 390560   7212 290488    0    0     0     0 1348  603  3  1 96  0  0  0
 0  0      0 390560   7212 290488    0    0     0     0 1382  628  3  1 96  0  0  0
 0  0      0 390560   7212 290488    0    0     0     0 1443  685  3  1 96  0  1  0
 0  0      0 390560   7212 290488    0    0     0     0 1419  602  3  2 96  0  0  0
 0  0      0 390560   7212 290488    0    0     0     0 1445  611  3  1 96  0  1  0
 0  0      0 390560   7212 290488    0    0     0     0 1484  637  3  2 96  0  0  0
 0  0      0 390560   7212 290488    0    0     0     0 1431  616  3  2 95  0  1  0
 0  0      0 390560   7212 290488    0    0     0     0 1360  630  3  1 96  0  1  0
 0  0      0 390560   7212 290488    0    0     0     0 1266  607  3  2 96  0  1  0
 0  0      0 390560   7212 290488    0    0     0     0 1293  623  3  2 96  0  0  0
 0  0      0 390560   7212 290488    0    0     0     0 1272  605  2  1 96  0  0  0
 0  0      0 390560   7212 290488    0    0     0     0 1325  622  3  1 96  0  0  0
 0  0      0 390560   7212 290488    0    0     0     0  745  360  2  0 98  0  0  0
 1  0      0 390560   7212 290488    0    0     0     0   51   41  0  0 100  0  0  0
 0  0      0 390560   7212 290488    0    0     0     0   65   47  0  0 100  0  0  0
 0  0      0 390560   7212 290488    0    0     0     0   32   22  0  0 100  0  0  0
